0.41509,-0.90178,-0.12038,0.20529,0.22174,-0.95325,0.88631,0.37098,0.27717,0.13462,-0.10172,-0.10214
0.41366,-0.90262,-0.11902,0.20644,0.22032,-0.95333,0.88672,0.36978,0.27747,0.13459,-0.1016,-0.10231
0.40917,-0.90438,-0.1212,0.20634,0.22109,-0.95317,0.88882,0.365,0.27707,0.13451,-0.10161,-0.10242
0.4011,-0.90801,-0.12096,0.20816,0.21894,-0.95328,0.89207,0.35718,0.27683,0.13444,-0.10161,-0.10252
0.39971,-0.90875,-0.12,0.20894,0.21779,-0.95337,0.89251,0.356,0.27693,0.13445,-0.10161,-0.10251
0.39971,-0.90882,-0.11948,0.20894,0.21725,-0.95349,0.89251,0.35616,0.27672,0.13445,-0.10161,-0.10251
0.39148,-0.9125,-0.11866,0.21081,0.21446,-0.95371,0.89571,0.34835,0.27633,0.13438,-0.10162,-0.10262
0.39148,-0.9125,-0.11866,0.21081,0.21446,-0.95371,0.89571,0.34835,0.27633,0.13438,-0.10162,-0.10262
0.36405,-0.92339,-0.12172,0.21483,0.21042,-0.95371,0.90626,0.32105,0.27498,0.13421,-0.10174,-0.10307
0.35651,-0.92633,-0.12169,0.21631,0.20855,-0.95379,0.90891,0.31371,0.27473,0.13407,-0.10178,-0.10332
0.34796,-0.92952,-0.12213,0.21832,0.20703,-0.95366,0.91173,0.30518,0.27497,0.13402,-0.10181,-0.10345
0.33971,-0.93258,-0.12203,0.22036,0.20506,-0.95362,0.91435,0.29706,0.27516,0.13397,-0.10185,-0.10359
0.33174,-0.93544,-0.12208,0.22158,0.20305,-0.95377,0.91698,0.28935,0.27463,0.13392,-0.10188,-0.10372
0.32371,-0.93822,-0.1223,0.2235,0.20143,-0.95367,0.91938,0.28137,0.27489,0.13387,-0.10192,-0.10387
0.31455,-0.94139,-0.12179,0.22559,0.19876,-0.95373,0.92204,0.27253,0.27489,0.13382,-0.10196,-0.104
0.30705,-0.94373,-0.12282,0.22657,0.19783,-0.95369,0.92433,0.26501,0.27457,0.13377,-0.102,-0.10415
0.29809,-0.9467,-0.12205,0.22893,0.19503,-0.95371,0.92668,0.25635,0.27486,0.13373,-0.10204,-0.10428
0.28969,-0.94924,-0.12255,0.23036,0.19342,-0.95369,0.92899,0.24804,0.2747,0.13368,-0.10208,-0.10441
0.28176,-0.95157,-0.123,0.23155,0.19184,-0.95372,0.93113,0.24024,0.27439,0.13363,-0.10213,-0.10455
0.27231,-0.95433,-0.12293,0.23371,0.18953,-0.95365,0.9334,0.23095,0.27465,0.13359,-0.10217,-0.10468
0.26367,-0.95681,-0.12248,0.23567,0.18702,-0.95367,0.93538,0.22259,0.2748,0.13354,-0.10221,-0.10482
0.25575,-0.95895,-0.12246,0.23664,0.18492,-0.95384,0.93733,0.21497,0.27422,0.1335,-0.10226,-0.10497
0.24661,-0.96132,-0.12271,0.23863,0.18295,-0.95372,0.93928,0.20592,0.27451,0.13347,-0.1023,-0.10511
0.23889,-0.96323,-0.12299,0.24007,0.18131,-0.95367,0.9409,0.1983,0.27456,0.13343,-0.10235,-0.10527
0.22954,-0.96554,-0.12263,0.24196,0.17865,-0.9537,0.94274,0.18924,0.27463,0.1334,-0.10239,-0.10541
0.22148,-0.96741,-0.12271,0.24296,0.17661,-0.95382,0.94441,0.18144,0.27416,0.13336,-0.10244,-0.10554
0.21211,-0.96948,-0.12294,0.24486,0.17451,-0.95372,0.94607,0.17219,0.2744,0.13333,-0.10248,-0.10569
0.20388,-0.97121,-0.12325,0.24615,0.1727,-0.95372,0.94755,0.16411,0.27427,0.13328,-0.10252,-0.10582
0.19483,-0.97312,-0.12277,0.24788,0.16996,-0.95377,0.949,0.15539,0.27433,0.13326,-0.10257,-0.10597
0.18629,-0.97481,-0.12263,0.24951,0.16767,-0.95375,0.95029,0.14707,0.27446,0.13323,-0.10261,-0.10612
0.17726,-0.97644,-0.12307,0.25082,0.16574,-0.95374,0.95167,0.13819,0.27429,0.13321,-0.10266,-0.10626
0.16897,-0.97792,-0.123,0.25234,0.16356,-0.95372,0.95277,0.13011,0.2744,0.13317,-0.1027,-0.1064
0.16002,-0.97944,-0.12284,0.25381,0.16108,-0.95375,0.95393,0.12144,0.27436,0.13314,-0.10274,-0.10655
0.15124,-0.98088,-0.12244,0.25517,0.15841,-0.95383,0.955,0.11302,0.27425,0.13313,-0.10279,-0.1067
0.14273,-0.98206,-0.12323,0.25606,0.15691,-0.95384,0.95606,0.10459,0.27386,0.1331,-0.10283,-0.10684
0.13348,-0.98336,-0.1232,0.25769,0.15448,-0.9538,0.95696,0.09557,0.27402,0.13308,-0.10288,-0.10698
0.12456,-0.98457,-0.12291,0.25934,0.15188,-0.95377,0.95772,0.086929,0.27426,0.13306,-0.10292,-0.10713
0.11657,-0.98551,-0.12318,0.26032,0.15,-0.9538,0.95846,0.079119,0.27404,0.13305,-0.10297,-0.10727
0.10686,-0.98661,-0.1232,0.26167,0.14745,-0.95383,0.95922,0.069687,0.27392,0.13302,-0.10301,-0.10741
0.098438,-0.98748,-0.12326,0.26291,0.14526,-0.95382,0.95978,0.061486,0.27392,0.13301,-0.10306,-0.10756
0.089709,-0.98831,-0.12325,0.26395,0.14292,-0.95389,0.96036,0.053041,0.27368,0.133,-0.10311,-0.1077
0.081182,-0.98909,-0.12289,0.26528,0.14029,-0.95391,0.96075,0.04484,0.27378,0.13298,-0.10315,-0.10785
0.072142,-0.98973,-0.1234,0.26653,0.13835,-0.95385,0.96112,0.035923,0.27377,0.13296,-0.1032,-0.108
0.062913,-0.99039,-0.12318,0.26786,0.13565,-0.95386,0.9614,0.027017,0.27382,0.13295,-0.10324,-0.10813
0.054163,-0.99087,-0.12343,0.26895,0.13352,-0.95386,0.96163,0.018467,0.27372,0.13294,-0.10329,-0.10827
0.045093,-0.99132,-0.12346,0.2699,0.13108,-0.95392,0.96183,0.009692,0.27347,0.13294,-0.10334,-0.10843
0.03589,-0.99172,-0.12331,0.27128,0.12842,-0.9539,0.96183,0.00078453,0.27364,0.13294,-0.10339,-0.10858
0.027658,-0.99201,-0.12307,0.27198,0.12594,-0.95403,0.96191,-0.0070863,0.27329,0.13294,-0.10343,-0.10872
0.018205,-0.99227,-0.12279,0.27351,0.12307,-0.95396,0.9617,-0.016217,0.27363,0.13294,-0.10348,-0.10887
0.0096437,-0.99239,-0.12272,0.27446,0.12064,-0.954,0.96155,-0.024483,0.27354,0.13294,-0.10353,-0.10901
0.00086564,-0.9924,-0.12305,0.27522,0.11853,-0.95405,0.96138,-0.03304,0.27323,0.13293,-0.10358,-0.10916
-0.0080568,-0.99237,-0.12306,0.27625,0.11607,-0.95405,0.96105,-0.041682,0.2732,0.13292,-0.10362,-0.1093
-0.017197,-0.99224,-0.12313,0.27755,0.11357,-0.95397,0.96056,-0.050581,0.27345,0.13292,-0.10367,-0.10944
-0.025962,-0.99204,-0.12319,0.2782,0.1112,-0.95406,0.96017,-0.059043,0.2731,0.13293,-0.10373,-0.10959
-0.034479,-0.99183,-0.12284,0.27925,0.10846,-0.95407,0.9596,-0.0672,0.27323,0.13294,-0.10378,-0.10974
-0.043756,-0.99138,-0.12348,0.28008,0.10646,-0.95406,0.95898,-0.076328,0.27301,0.13294,-0.10382,-0.10988
-0.052087,-0.99103,-0.12307,0.2809,0.10372,-0.95412,0.95832,-0.084267,0.27297,0.13295,-0.10386,-0.11004
-0.060769,-0.99054,-0.12307,0.28164,0.10127,-0.95416,0.95759,-0.092643,0.27282,0.13296,-0.10391,-0.11019
-0.07066,-0.98991,-0.12282,0.28275,0.098199,-0.95415,0.95659,-0.10215,0.27296,0.13297,-0.10396,-0.11032
-0.079177,-0.98924,-0.12305,0.28361,0.095978,-0.95412,0.95566,-0.11044,0.27296,0.13299,-0.10401,-0.11047
-0.087677,-0.98854,-0.12286,0.28393,0.093417,-0.95428,0.95483,-0.11855,0.27249,0.133,-0.10406,-0.11062
-0.096508,-0.9877,-0.12302,0.28475,0.091035,-0.95427,0.95373,-0.12713,0.27247,0.13301,-0.10411,-0.11077
-0.10588,-0.98675,-0.12295,0.28574,0.088239,-0.95424,0.95244,-0.13617,0.27261,0.13303,-0.10415,-0.1109
-0.1141,-0.98586,-0.12272,0.28634,0.085646,-0.95429,0.95131,-0.14402,0.27252,0.13305,-0.10421,-0.11106
-0.12249,-0.98481,-0.12304,0.28665,0.083589,-0.95438,0.95017,-0.15217,0.27206,0.13307,-0.10427,-0.11121
-0.13201,-0.98361,-0.12284,0.28787,0.080542,-0.95428,0.94853,-0.16134,0.27252,0.13309,-0.10431,-0.11135
-0.14052,-0.98238,-0.12319,0.28801,0.078484,-0.95441,0.94726,-0.1696,0.27191,0.13311,-0.10436,-0.11149
-0.14909,-0.98117,-0.12281,0.28856,0.075625,-0.95447,0.94578,-0.17774,0.27185,0.13313,-0.10441,-0.11163
-0.1582,-0.97971,-0.12306,0.28945,0.073142,-0.95439,0.94403,-0.1866,0.27201,0.13314,-0.10445,-0.11176
-0.16667,-0.97836,-0.12258,0.29007,0.070169,-0.95443,0.94238,-0.19464,0.27209,0.13317,-0.1045,-0.11193
-0.17547,-0.97681,-0.12268,0.29031,0.06773,-0.95453,0.94071,-0.2031,0.27169,0.1332,-0.10455,-0.11206
-0.18433,-0.97524,-0.1222,0.29113,0.064573,-0.9545,0.93876,-0.21152,0.27202,0.13324,-0.10461,-0.11221
-0.19332,-0.97343,-0.12269,0.29151,0.062416,-0.95453,0.93683,-0.2203,0.2717,0.13326,-0.10466,-0.11235
-0.2021,-0.97174,-0.12195,0.29199,0.059066,-0.95459,0.93482,-0.22853,0.27181,0.13329,-0.10471,-0.11249
-0.20939,-0.97013,-0.12253,0.29169,0.057635,-0.95478,0.93331,-0.23566,0.27091,0.13333,-0.10476,-0.11265
-0.21973,-0.96794,-0.12174,0.29307,0.053528,-0.95459,0.9305,-0.24543,0.27191,0.13336,-0.1048,-0.11278
-0.22829,-0.96588,-0.12231,0.29314,0.051606,-0.95468,0.92841,-0.25379,0.27136,0.13338,-0.10485,-0.11292
-0.23658,-0.96392,-0.12198,0.29321,0.048862,-0.9548,0.92631,-0.26165,0.27107,0.13342,-0.10489,-0.11306
-0.24528,-0.96174,-0.12205,0.29381,0.046231,-0.95474,0.92386,-0.27004,0.27123,0.13346,-0.10495,-0.11321
-0.25434,-0.95941,-0.12184,0.29413,0.043279,-0.95478,0.9213,-0.27868,0.27118,0.1335,-0.10499,-0.11334
-0.26258,-0.95722,-0.1216,0.29424,0.040583,-0.95487,0.91895,-0.2865,0.271,0.13354,-0.10505,-0.1135
-0.27039,-0.9551,-0.12117,0.29416,0.037878,-0.955,0.91671,-0.29386,0.27071,0.13359,-0.1051,-0.11365
-0.27955,-0.95243,-0.12135,0.29455,0.035223,-0.95499,0.91384,-0.30271,0.27069,0.13361,-0.10515,-0.11377
-0.28776,-0.94993,-0.12174,0.29459,0.03315,-0.95505,0.91127,-0.31069,0.2703,0.13365,-0.1052,-0.11391
-0.29712,-0.94708,-0.12149,0.29514,0.029914,-0.95498,0.90808,-0.3196,0.27064,0.1337,-0.10525,-0.11405
-0.30464,-0.94468,-0.12154,0.29466,0.027871,-0.9552,0.90574,-0.32681,0.26987,0.13374,-0.1053,-0.11419
-0.31368,-0.94171,-0.12157,0.29512,0.024997,-0.95513,0.9025,-0.33549,0.27008,0.1338,-0.10534,-0.11431
-0.32304,-0.93868,-0.1205,0.29597,0.020741,-0.95497,0.89892,-0.34416,0.27112,0.13385,-0.10539,-0.11444
-0.33072,-0.93595,-0.12093,0.29531,0.019073,-0.95521,0.89634,-0.35161,0.27008,0.1339,-0.10543,-0.11458
-0.33972,-0.93279,-0.1204,0.29574,0.015579,-0.95514,0.89282,-0.36009,0.27057,0.13394,-0.10547,-0.11471
-0.34777,-0.9298,-0.1205,0.29547,0.013285,-0.95526,0.8898,-0.36782,0.27011,0.13401,-0.10552,-0.11485
-0.35643,-0.92655,-0.12026,0.29581,0.010187,-0.95519,0.88626,-0.37603,0.27046,0.13404,-0.10557,-0.11498
-0.36427,-0.92354,-0.11995,0.29545,0.0075439,-0.95533,0.88319,-0.38343,0.27011,0.13411,-0.10562,-0.11512
-0.37279,-0.9201,-0.12016,0.29524,0.0051496,-0.95541,0.87969,-0.39165,0.26973,0.13416,-0.10567,-0.11525
-0.38165,-0.91646,-0.12018,0.29554,0.0022031,-0.95533,0.87578,-0.40012,0.27001,0.13422,-0.10571,-0.11539
-0.3894,-0.91326,-0.11969,0.29516,-0.00062834,-0.95545,0.8725,-0.40738,0.2698,0.13429,-0.10576,-0.11553
-0.39788,-0.90956,-0.11994,0.29502,-0.0030611,-0.95549,0.86871,-0.41555,0.26955,0.13434,-0.1058,-0.11566
-0.40562,-0.90617,-0.11969,0.29436,-0.0055325,-0.95568,0.86535,-0.42287,0.26898,0.13439,-0.10586,-0.1158
-0.41429,-0.90233,-0.11901,0.29482,-0.0093379,-0.95551,0.86107,-0.43095,0.26989,0.13445,-0.10591,-0.11592
-0.42208,-0.89862,-0.11971,0.29401,-0.010777,-0.95574,0.85756,-0.43859,0.26875,0.13451,-0.10596,-0.11606
-0.43055,-0.89463,-0.11945,0.29404,-0.013905,-0.95569,0.85333,-0.44659,0.26905,0.13457,-0.106,-0.11618
-0.43862,-0.8907,-0.11947,0.29364,-0.016407,-0.95577,0.84935,-0.4543,0.26874,0.13464,-0.10604,-0.11632
-0.44667,-0.88676,-0.11896,0.29337,-0.019558,-0.9558,0.84523,-0.46182,0.26889,0.1347,-0.1061,-0.11645
-0.45481,-0.88265,-0.11867,0.29301,-0.022473,-0.95585,0.84101,-0.4695,0.26884,0.13477,-0.10614,-0.11659
-0.46323,-0.87827,-0.11857,0.29312,-0.025576,-0.95573,0.83636,-0.47748,0.26928,0.13483,-0.10619,-0.11671
-0.47094,-0.87421,-0.11825,0.29264,-0.028361,-0.9558,0.83222,-0.48473,0.26918,0.13489,-0.10624,-0.11685
-0.4787,-0.86998,-0.11823,0.29175,-0.030611,-0.95601,0.82809,-0.49213,0.26847,0.13495,-0.10627,-0.11699
-0.48698,-0.86542,-0.11793,0.29176,-0.033922,-0.95589,0.82324,-0.4999,0.26902,0.135,-0.10632,-0.11713
-0.49439,-0.86123,-0.11775,0.29093,-0.03629,-0.95606,0.81911,-0.50692,0.26849,0.13507,-0.10637,-0.11727
-0.50199,-0.85692,-0.11704,0.29011,-0.039354,-0.95618,0.81476,-0.51395,0.26836,0.13513,-0.10642,-0.11743
-0.50965,-0.85237,-0.11712,0.28947,-0.041687,-0.95628,0.81022,-0.52127,0.26798,0.13518,-0.10645,-0.11757
-0.51763,-0.84758,-0.11695,0.28925,-0.044711,-0.95621,0.80523,-0.52879,0.2683,0.13524,-0.1065,-0.11771
-0.52542,-0.84281,-0.1166,0.28881,-0.04776,-0.95619,0.80033,-0.53608,0.26851,0.1353,-0.10654,-0.11786
-0.53298,-0.83809,-0.1163,0.2881,-0.050521,-0.95627,0.79557,-0.54318,0.26838,0.13536,-0.10659,-0.11801
-0.54031,-0.83344,-0.11592,0.28694,-0.052986,-0.95648,0.79103,-0.55006,0.26778,0.1354,-0.10663,-0.11815
-0.54802,-0.82842,-0.11573,0.28644,-0.05587,-0.95647,0.78589,-0.55731,0.26791,0.13548,-0.10666,-0.1183
-0.55577,-0.8233,-0.11531,0.2862,-0.05926,-0.95634,0.78052,-0.56451,0.26856,0.13554,-0.10671,-0.11843
-0.56314,-0.81831,-0.11503,0.28512,-0.061755,-0.9565,0.77561,-0.57145,0.2681,0.13562,-0.10675,-0.11857
-0.57047,-0.8132,-0.11519,0.28398,-0.063697,-0.95671,0.77066,-0.57849,0.26727,0.13569,-0.10681,-0.11871
-0.57819,-0.80781,-0.1146,0.28353,-0.067226,-0.9566,0.76505,-0.58559,0.26791,0.13577,-0.10685,-0.11883
-0.58557,-0.80251,-0.11436,0.28238,-0.069706,-0.95677,0.75985,-0.59255,0.26743,0.13585,-0.10689,-0.11896
-0.59338,-0.79676,-0.11437,0.28216,-0.072823,-0.9566,0.75385,-0.5999,0.26803,0.13595,-0.10693,-0.11904
-0.60068,-0.79129,-0.1142,0.28135,-0.075516,-0.95663,0.74834,-0.60676,0.26799,0.13601,-0.10698,-0.11918
-0.60804,-0.7857,-0.11381,0.28016,-0.07822,-0.95676,0.74283,-0.61364,0.26768,0.13611,-0.10702,-0.11931
-0.61533,-0.78004,-0.11363,0.27948,-0.081104,-0.95672,0.73706,-0.62045,0.26791,0.13619,-0.10706,-0.11943
-0.62269,-0.77416,-0.11374,0.27854,-0.083466,-0.95679,0.73121,-0.62747,0.26761,0.13628,-0.1071,-0.11956
-0.62982,-0.7684,-0.11351,0.2773,-0.085927,-0.95693,0.72555,-0.63417,0.26719,0.13636,-0.10714,-0.11968
-0.63697,-0.7625,-0.11343,0.27628,-0.088428,-0.957,0.71968,-0.64092,0.26699,0.13645,-0.10719,-0.1198
-0.64406,-0.75658,-0.11302,0.27549,-0.091565,-0.95693,0.71365,-0.64746,0.2674,0.13653,-0.10723,-0.11992
-0.65119,-0.75048,-0.11286,0.2748,-0.094549,-0.95684,0.70742,-0.6541,0.2678,0.13662,-0.10727,-0.12003
-0.65821,-0.74438,-0.11249,0.27372,-0.097439,-0.95686,0.70131,-0.66061,0.26789,0.13672,-0.1073,-0.12014
-0.66517,-0.73818,-0.11244,0.27242,-0.099702,-0.957,0.69522,-0.6672,0.26741,0.1368,-0.10734,-0.12026
-0.67211,-0.73187,-0.11244,0.27173,-0.10253,-0.9569,0.68879,-0.67369,0.26778,0.13691,-0.10738,-0.12039
-0.6789,-0.72558,-0.11235,0.27048,-0.1049,-0.95699,0.68259,-0.68009,0.26747,0.13701,-0.10743,-0.12051
-0.68588,-0.71895,-0.11262,0.26938,-0.10706,-0.95706,0.67602,-0.68677,0.2671,0.13712,-0.10747,-0.1206
-0.69256,-0.71258,-0.11224,0.26891,-0.11065,-0.95679,0.66936,-0.69281,0.26825,0.13723,-0.10752,-0.12068
-0.69917,-0.70602,-0.11266,0.2685,-0.11324,-0.9566,0.66263,-0.69907,0.26874,0.13732,-0.10756,-0.12081
-0.70569,-0.69952,-0.1126,0.2675,-0.11587,-0.95657,0.65609,-0.70516,0.26889,0.13741,-0.1076,-0.12093
-0.7122,-0.69285,-0.11285,0.26651,-0.11816,-0.95656,0.64942,-0.71133,0.26881,0.1375,-0.10763,-0.12104
-0.71855,-0.68625,-0.11291,0.26558,-0.1207,-0.9565,0.64278,-0.71728,0.26898,0.13759,-0.10767,-0.12115
-0.72486,-0.67952,-0.11326,0.26491,-0.12319,-0.95637,0.63592,-0.72324,0.26931,0.13768,-0.1077,-0.12127
-0.73105,-0.67278,-0.11369,0.26397,-0.12522,-0.95637,0.62919,-0.72917,0.26913,0.13778,-0.10773,-0.12139
-0.73717,-0.66597,-0.11427,0.2632,-0.12726,-0.95631,0.62233,-0.73504,0.2691,0.1379,-0.10776,-0.1215
-0.74352,-0.65881,-0.11463,0.26283,-0.13029,-0.956,0.6149,-0.74094,0.27003,0.13809,-0.10779,-0.1215
-0.74914,-0.65231,-0.11524,0.26273,-0.13291,-0.95567,0.60808,-0.74621,0.27095,0.13817,-0.10781,-0.12162
-0.75483,-0.64569,-0.1154,0.26233,-0.13593,-0.95536,0.60118,-0.75141,0.27199,0.13828,-0.10783,-0.12172
-0.7603,-0.63906,-0.11638,0.26214,-0.13793,-0.95512,0.59433,-0.75668,0.27239,0.13838,-0.10785,-0.12183
-0.76574,-0.63243,-0.11693,0.26175,-0.14038,-0.95487,0.58748,-0.76179,0.27303,0.13848,-0.10786,-0.12195
-0.77102,-0.62579,-0.11794,0.26159,-0.14239,-0.95462,0.5806,-0.76688,0.27349,0.13859,-0.10787,-0.12206
-0.77629,-0.61908,-0.11879,0.26109,-0.14425,-0.95447,0.57376,-0.77196,0.27362,0.1387,-0.10787,-0.12216
-0.78138,-0.61239,-0.12007,0.26077,-0.1456,-0.95436,0.56696,-0.77703,0.27346,0.13882,-0.10787,-0.12227
-0.78691,-0.60529,-0.11996,0.25927,-0.14792,-0.95441,0.55995,-0.78214,0.27334,0.13894,-0.10788,-0.12238
-0.79249,-0.59804,-0.11963,0.25741,-0.15015,-0.95457,0.55291,-0.78727,0.27294,0.13907,-0.10789,-0.1225
-0.79789,-0.59092,-0.11908,0.25569,-0.15288,-0.95459,0.54589,-0.79211,0.27308,0.13921,-0.10789,-0.1226
-0.80289,-0.58401,-0.11953,0.25483,-0.15498,-0.95448,0.53891,-0.79681,0.27326,0.13932,-0.10789,-0.1227
-0.80804,-0.57679,-0.11997,0.25415,-0.15757,-0.95424,0.53149,-0.80155,0.27391,0.13951,-0.10791,-0.12272
-0.8125,-0.5704,-0.12034,0.25376,-0.16021,-0.95391,0.52483,-0.80559,0.27492,0.13961,-0.10792,-0.1228
-0.81728,-0.56337,-0.12111,0.25295,-0.1619,-0.95384,0.51775,-0.81019,0.27482,0.13975,-0.10793,-0.12291
-0.82173,-0.55676,-0.1216,0.25233,-0.16415,-0.95362,0.51097,-0.81429,0.27538,0.13985,-0.10794,-0.123
-0.82644,-0.54965,-0.12196,0.25114,-0.16601,-0.95361,0.50391,-0.81873,0.27524,0.13996,-0.10795,-0.12309
-0.83125,-0.54238,-0.12184,0.24955,-0.16825,-0.95363,0.49674,-0.82311,0.27521,0.1401,-0.10797,-0.12319
-0.83601,-0.53505,-0.12171,0.24782,-0.17026,-0.95373,0.48956,-0.82749,0.27494,0.14022,-0.10798,-0.12329
-0.84096,-0.52722,-0.12175,0.2458,-0.17177,-0.95398,0.48204,-0.83219,0.27404,0.14035,-0.108,-0.12338
-0.84574,-0.5195,-0.12182,0.24384,-0.17321,-0.95422,0.47462,-0.83673,0.27317,0.14047,-0.10802,-0.12347
-0.85024,-0.51211,-0.12176,0.24233,-0.17545,-0.9542,0.46729,-0.84081,0.27328,0.14059,-0.10804,-0.12356
-0.85538,-0.50357,-0.12145,0.23961,-0.17677,-0.95464,0.45926,-0.84568,0.27186,0.14073,-0.10806,-0.12365
-0.85957,-0.49636,-0.12154,0.23831,-0.17897,-0.95456,0.45205,-0.84947,0.27213,0.14086,-0.10809,-0.12374
-0.86381,-0.48882,-0.122,0.23699,-0.18054,-0.95459,0.4446,-0.8535,0.2718,0.14097,-0.10811,-0.12382
-0.868,-0.48124,-0.12242,0.23554,-0.18198,-0.95468,0.43715,-0.85749,0.27131,0.14109,-0.10813,-0.1239
-0.87233,-0.47349,-0.12186,0.23352,-0.18453,-0.95468,0.42955,-0.86125,0.27154,0.14122,-0.10815,-0.12398
-0.87633,-0.466,-0.12202,0.23204,-0.18639,-0.95468,0.42214,-0.86493,0.27147,0.14134,-0.10818,-0.12406
-0.88025,-0.45848,-0.12227,0.23061,-0.18816,-0.95468,0.4147,-0.86856,0.27136,0.14147,-0.1082,-0.12413
-0.88411,-0.45094,-0.12248,0.22909,-0.18986,-0.95471,0.40726,-0.87213,0.27116,0.14159,-0.10822,-0.12421
-0.88856,-0.44229,-0.12181,0.2269,-0.19293,-0.95462,0.39872,-0.87587,0.27178,0.14178,-0.10827,-0.12419
-0.89271,-0.43392,-0.12158,0.2247,-0.19477,-0.95476,0.39061,-0.87965,0.27137,0.14191,-0.10831,-0.12423
-0.89627,-0.42649,-0.12172,0.22327,-0.19675,-0.95469,0.38322,-0.88284,0.27157,0.14204,-0.10833,-0.12432
-0.89989,-0.41879,-0.12166,0.22155,-0.19873,-0.95468,0.37564,-0.88607,0.27162,0.14216,-0.10835,-0.1244
-0.90358,-0.41079,-0.12166,0.21972,-0.20054,-0.95473,0.36779,-0.8894,0.27147,0.14229,-0.10837,-0.12447
-0.907,-0.40311,-0.1219,0.21821,-0.20227,-0.95471,0.36019,-0.89252,0.27143,0.14241,-0.1084,-0.12454
-0.91051,-0.39508,-0.12198,0.21635,-0.20382,-0.9548,0.35236,-0.89575,0.27106,0.14253,-0.10843,-0.12461
