0.26172,-0.91093,-0.31892,-0.059648,0.31453,-0.94737,0.9633,0.26696,0.027983,0.13671,-0.097696,-0.10589
0.26098,-0.91145,-0.31805,-0.058671,0.31388,-0.94765,0.96356,0.26597,0.02844,0.13665,-0.097652,-0.10603
0.25524,-0.91221,-0.32052,-0.057617,0.31656,-0.94682,0.96516,0.26013,0.02824,0.13658,-0.097653,-0.10612
0.2478,-0.91425,-0.32052,-0.055113,0.317,-0.94682,0.96724,0.25229,0.028165,0.13651,-0.097638,-0.10622
0.24082,-0.91568,-0.32176,-0.053372,0.31852,-0.94641,0.9691,0.24509,0.027835,0.13646,-0.09763,-0.10635
0.23365,-0.91759,-0.32161,-0.051229,0.31869,-0.94647,0.97097,0.23762,0.027452,0.13641,-0.09763,-0.10649
0.2264,-0.91937,-0.32171,-0.04861,0.31921,-0.94644,0.97282,0.22991,0.027577,0.13637,-0.097624,-0.10662
0.21908,-0.92105,-0.32196,-0.046623,0.31972,-0.94636,0.97459,0.22234,0.027103,0.13633,-0.097622,-0.10677
0.21017,-0.92337,-0.32127,-0.04374,0.3194,-0.94661,0.97668,0.21301,0.026742,0.13629,-0.097623,-0.10691
0.20297,-0.92481,-0.32175,-0.041554,0.32016,-0.94645,0.9783,0.20547,0.026552,0.13626,-0.097628,-0.10707
0.19426,-0.92675,-0.32154,-0.038619,0.32031,-0.94653,0.98019,0.19629,0.026435,0.13623,-0.097627,-0.1072
0.1859,-0.92843,-0.32164,-0.035415,0.3208,-0.94648,0.98193,0.18734,0.026756,0.13621,-0.097633,-0.10734
0.1782,-0.92996,-0.32159,-0.033354,0.32093,-0.94652,0.98343,0.1794,0.026172,0.13618,-0.097637,-0.10749
0.1696,-0.93151,-0.32175,-0.029982,0.32145,-0.94645,0.98506,0.17017,0.026589,0.13616,-0.097639,-0.10764
0.1609,-0.93305,-0.32175,-0.02698,0.32172,-0.94645,0.9866,0.16096,0.02659,0.13614,-0.097642,-0.10778
0.15285,-0.93434,-0.32195,-0.024647,0.32208,-0.94639,0.98794,0.15259,0.0262,0.13612,-0.097646,-0.10794
0.14447,-0.93562,-0.32208,-0.021831,0.3224,-0.94635,0.98927,0.14375,0.026151,0.1361,-0.097647,-0.10809
0.13556,-0.93708,-0.32172,-0.01862,0.32225,-0.94647,0.99059,0.13429,0.026235,0.13607,-0.097644,-0.10823
0.12815,-0.93787,-0.32245,-0.016204,0.3231,-0.94623,0.99162,0.12648,0.026208,0.13605,-0.097651,-0.10839
0.11912,-0.93921,-0.32201,-0.01317,0.32279,-0.94638,0.99279,0.11697,0.026082,0.13603,-0.097654,-0.10852
0.11093,-0.94017,-0.32214,-0.010208,0.32304,-0.94633,0.99378,0.10827,0.026239,0.13601,-0.09765,-0.10867
0.10218,-0.94119,-0.32206,-0.0075291,0.32302,-0.94636,0.99474,0.099122,0.025919,0.13599,-0.097654,-0.10881
0.09399,-0.94205,-0.32203,-0.0047384,0.32304,-0.94637,0.99556,0.090475,0.025898,0.13598,-0.097661,-0.10897
0.085243,-0.94301,-0.32167,-0.0015524,0.32272,-0.94649,0.99636,0.081181,0.026046,0.13596,-0.097665,-0.10912
0.076548,-0.94363,-0.32204,0.0013682,0.32309,-0.94637,0.99706,0.072002,0.026023,0.13597,-0.097687,-0.10927
0.068664,-0.9442,-0.32213,0.0042121,0.32316,-0.94633,0.99763,0.063622,0.026167,0.13596,-0.097692,-0.10943
0.059814,-0.94477,-0.32222,0.0068772,0.32318,-0.94631,0.99819,0.054386,0.025828,0.13594,-0.0977,-0.10958
0.0511,-0.94544,-0.32177,0.01031,0.32267,-0.94645,0.99864,0.045047,0.026236,0.13594,-0.097707,-0.10972
0.043276,-0.94555,-0.32258,0.01232,0.32336,-0.94619,0.99899,0.036973,0.025643,0.13593,-0.097721,-0.10989
0.034137,-0.94608,-0.32213,0.015878,0.32279,-0.94634,0.99929,0.02719,0.026041,0.13592,-0.097722,-0.11002
0.02542,-0.94647,-0.32179,0.018538,0.32228,-0.94646,0.9995,0.018093,0.025738,0.13592,-0.097728,-0.11018
0.017534,-0.94652,-0.32218,0.021303,0.32251,-0.94633,0.99962,0.0097293,0.025819,0.13591,-0.097737,-0.11033
0.0085274,-0.94667,-0.3221,0.024402,0.32221,-0.94635,0.99967,0.00020997,0.025849,0.13592,-0.097744,-0.11047
0.00036761,-0.9466,-0.3224,0.026777,0.3223,-0.94626,0.99964,-0.008285,0.025465,0.13592,-0.097756,-0.11063
-0.0077331,-0.94674,-0.3219,0.029756,0.32155,-0.94642,0.99953,-0.016898,0.025685,0.13592,-0.097766,-0.11078
-0.016571,-0.94658,-0.32203,0.032646,0.32139,-0.94638,0.99933,-0.026196,0.025576,0.13592,-0.097772,-0.11093
-0.024983,-0.94634,-0.32221,0.035686,0.32127,-0.94632,0.99905,-0.03514,0.025745,0.13593,-0.097786,-0.11108
-0.03352,-0.94602,-0.32236,0.038274,0.32109,-0.94627,0.9987,-0.044057,0.025445,0.13593,-0.097803,-0.11124
-0.041923,-0.94574,-0.32222,0.040935,0.32061,-0.94633,0.99828,-0.052863,0.025273,0.13594,-0.09781,-0.11139
-0.050626,-0.94531,-0.32222,0.044253,0.32019,-0.94632,0.99774,-0.062168,0.025623,0.13595,-0.097813,-0.11154
-0.059174,-0.94466,-0.32267,0.04671,0.32026,-0.94618,0.99715,-0.071061,0.025174,0.13596,-0.097825,-0.11169
-0.067487,-0.94413,-0.3226,0.049451,0.31977,-0.9462,0.99649,-0.079809,0.025107,0.13597,-0.097831,-0.11184
-0.076348,-0.94356,-0.32228,0.052434,0.31898,-0.94631,0.9957,-0.089147,0.025122,0.13599,-0.097855,-0.11199
-0.084446,-0.94281,-0.32244,0.055303,0.31867,-0.94625,0.99489,-0.097739,0.025231,0.136,-0.097868,-0.11215
-0.092511,-0.94201,-0.32259,0.057587,0.31838,-0.94621,0.99404,-0.10611,0.024794,0.13602,-0.09789,-0.1123
-0.10144,-0.94126,-0.32208,0.060742,0.31729,-0.94638,0.99299,-0.11557,0.024987,0.13603,-0.0979,-0.11244
-0.10977,-0.94027,-0.32226,0.063718,0.31689,-0.94632,0.99191,-0.12441,0.025125,0.13604,-0.097908,-0.11259
-0.11807,-0.93926,-0.32227,0.066121,0.31639,-0.94632,0.9908,-0.13304,0.024749,0.13607,-0.097929,-0.11275
-0.12688,-0.93818,-0.32207,0.069146,0.31554,-0.94639,0.9895,-0.14235,0.024835,0.13608,-0.097934,-0.11289
-0.13509,-0.93711,-0.32184,0.072131,0.31466,-0.94646,0.9882,-0.15108,0.025087,0.13611,-0.097943,-0.11304
-0.14376,-0.93573,-0.32208,0.07476,0.31427,-0.94639,0.98678,-0.16014,0.024775,0.13614,-0.097963,-0.11319
-0.15219,-0.93427,-0.32245,0.07748,0.31397,-0.94627,0.98531,-0.16899,0.024606,0.13615,-0.097977,-0.11333
-0.16056,-0.93299,-0.32209,0.080246,0.31291,-0.94639,0.98376,-0.1778,0.024628,0.13618,-0.098003,-0.11349
-0.16876,-0.93161,-0.3219,0.083054,0.31198,-0.94645,0.98215,-0.18646,0.024725,0.13621,-0.098014,-0.11364
-0.17659,-0.92998,-0.32241,0.085192,0.31189,-0.94629,0.98059,-0.19458,0.024151,0.13623,-0.098037,-0.11379
-0.18539,-0.92854,-0.32161,0.088603,0.31016,-0.94655,0.97866,-0.20398,0.024771,0.13626,-0.098058,-0.11393
-0.19393,-0.9268,-0.3216,0.091585,0.30929,-0.94655,0.97673,-0.21302,0.024901,0.13628,-0.098081,-0.11408
-0.20205,-0.925,-0.32178,0.093878,0.30875,-0.9465,0.97487,-0.22145,0.024454,0.13632,-0.098104,-0.11423
-0.21048,-0.92308,-0.3219,0.096602,0.30803,-0.94646,0.97281,-0.23031,0.024339,0.13636,-0.098112,-0.11437
-0.21937,-0.92124,-0.32124,0.10003,0.30629,-0.94667,0.9705,-0.2398,0.024966,0.13639,-0.098133,-0.11451
-0.22702,-0.91919,-0.3218,0.10182,0.30621,-0.9465,0.96855,-0.24764,0.024072,0.13643,-0.098152,-0.11467
-0.23535,-0.91714,-0.32166,0.1046,0.30513,-0.94655,0.96627,-0.25642,0.024123,0.13646,-0.098171,-0.11483
-0.24366,-0.91523,-0.32092,0.10746,0.30337,-0.94679,0.96389,-0.26518,0.024433,0.1365,-0.098194,-0.11497
-0.25156,-0.91285,-0.32161,0.11001,0.30317,-0.94656,0.96157,-0.27349,0.024154,0.13655,-0.098213,-0.11513
-0.25982,-0.91057,-0.32151,0.11242,0.30216,-0.94661,0.95909,-0.28209,0.023862,0.13659,-0.09824,-0.11526
-0.2686,-0.90806,-0.32137,0.11556,0.30084,-0.94665,0.95629,-0.29141,0.024127,0.13663,-0.098261,-0.1154
-0.27646,-0.90584,-0.32097,0.11815,0.29942,-0.94678,0.95374,-0.29967,0.02425,0.13668,-0.098275,-0.11554
-0.28417,-0.90329,-0.32142,0.12003,0.29909,-0.94665,0.95123,-0.30759,0.023424,0.13672,-0.098283,-0.11569
-0.29248,-0.90073,-0.32115,0.12306,0.29759,-0.94673,0.94832,-0.31642,0.023802,0.13677,-0.098303,-0.11584
-0.30091,-0.89795,-0.32116,0.12594,0.2964,-0.94672,0.9453,-0.32532,0.023895,0.1368,-0.098313,-0.11597
-0.30846,-0.8955,-0.32085,0.12786,0.2952,-0.94684,0.94261,-0.33308,0.023439,0.13685,-0.098338,-0.11613
-0.30828,-0.89555,-0.32085,0.12792,0.29518,-0.94684,0.94265,-0.33294,0.023561,0.13685,-0.098332,-0.11615
-0.31647,-0.89266,-0.32095,0.13047,0.29416,-0.94681,0.93959,-0.3415,0.023369,0.1369,-0.098363,-0.11627
-0.33218,-0.88679,-0.32133,0.13547,0.29229,-0.94669,0.93344,-0.358,0.023035,0.13701,-0.098402,-0.11655
-0.34077,-0.88374,-0.32077,0.1386,0.29024,-0.94686,0.92988,-0.36712,0.023581,0.13706,-0.098452,-0.11669
-0.34884,-0.88063,-0.32064,0.14099,0.28892,-0.94691,0.92652,-0.37552,0.023373,0.13712,-0.098473,-0.11683
-0.35713,-0.87738,-0.32042,0.14384,0.28729,-0.94698,0.92291,-0.38429,0.023605,0.13716,-0.09849,-0.11695
-0.36461,-0.87443,-0.32004,0.14605,0.28574,-0.94711,0.91964,-0.39207,0.023527,0.13723,-0.09852,-0.1171
-0.37262,-0.87104,-0.32006,0.14846,0.28451,-0.94711,0.91603,-0.40043,0.023296,0.13728,-0.098546,-0.11724
-0.38073,-0.8674,-0.3204,0.15113,0.28347,-0.947,0.91225,-0.40897,0.023168,0.13734,-0.09858,-0.11738
-0.38859,-0.86405,-0.32001,0.15371,0.28165,-0.94713,0.9085,-0.41723,0.023368,0.13739,-0.098608,-0.11751
-0.39614,-0.86069,-0.31981,0.15607,0.28012,-0.94719,0.90483,-0.42514,0.02336,0.13746,-0.098634,-0.11765
-0.40412,-0.85679,-0.32031,0.15849,0.27929,-0.94704,0.90087,-0.43348,0.02292,0.13752,-0.098664,-0.11779
-0.41214,-0.8533,-0.3194,0.16142,0.27663,-0.94732,0.89671,-0.44199,0.023727,0.13757,-0.098682,-0.11791
-0.41933,-0.84966,-0.31976,0.16302,0.27602,-0.94723,0.89308,-0.44933,0.022767,0.13764,-0.098711,-0.11807
-0.42737,-0.84576,-0.31944,0.1659,0.27397,-0.94732,0.88873,-0.45785,0.023225,0.13769,-0.098729,-0.1182
-0.43483,-0.84199,-0.31933,0.16834,0.27236,-0.94736,0.88464,-0.4657,0.023313,0.13776,-0.098756,-0.11833
-0.44239,-0.83796,-0.31955,0.17038,0.2713,-0.9473,0.88049,-0.47352,0.022755,0.13782,-0.09879,-0.11846
-0.45011,-0.83385,-0.31954,0.1728,0.26974,-0.9473,0.8761,-0.4816,0.022677,0.1379,-0.098833,-0.1186
-0.45008,-0.83387,-0.31953,0.17278,0.26973,-0.94731,0.87611,-0.48157,0.022677,0.1379,-0.09883,-0.1186
-0.46506,-0.82579,-0.31904,0.17744,0.26613,-0.94747,0.86731,-0.49724,0.02276,0.13803,-0.098872,-0.11887
-0.47241,-0.82158,-0.31912,0.17948,0.26481,-0.94745,0.86291,-0.50486,0.022355,0.1381,-0.098891,-0.119
-0.47981,-0.81734,-0.31898,0.18157,0.26319,-0.9475,0.85838,-0.51254,0.022126,0.13818,-0.098933,-0.11914
-0.48761,-0.8129,-0.31848,0.18461,0.26053,-0.94765,0.85332,-0.52087,0.023031,0.13825,-0.098957,-0.11926
-0.49486,-0.8085,-0.31849,0.18648,0.25917,-0.94766,0.84873,-0.52835,0.022517,0.13834,-0.098993,-0.11941
-0.50225,-0.80405,-0.31819,0.18896,0.25703,-0.94775,0.84382,-0.53614,0.022836,0.1384,-0.099029,-0.11953
-0.5094,-0.79956,-0.31813,0.19076,0.25557,-0.94779,0.83912,-0.54349,0.022338,0.13847,-0.099049,-0.11966
-0.5165,-0.79516,-0.31773,0.19297,0.25343,-0.94791,0.83426,-0.55091,0.022541,0.13854,-0.099076,-0.1198
-0.52398,-0.79027,-0.31768,0.19546,0.25146,-0.94793,0.829,-0.55879,0.022704,0.1386,-0.099101,-0.11994
-0.53099,-0.78549,-0.31789,0.19746,0.25013,-0.94786,0.82405,-0.56608,0.022284,0.13867,-0.09913,-0.12008
-0.53788,-0.78096,-0.31747,0.19947,0.248,-0.948,0.81909,-0.57323,0.022387,0.13874,-0.099163,-0.12022
-0.54502,-0.77608,-0.31726,0.20165,0.24596,-0.94807,0.81381,-0.58069,0.022445,0.13881,-0.099207,-0.12036
-0.55216,-0.77112,-0.317,0.20427,0.2435,-0.94815,0.80833,-0.58828,0.023069,0.13888,-0.099245,-0.12051
-0.55891,-0.76618,-0.31717,0.20587,0.2423,-0.94811,0.80327,-0.5952,0.022309,0.13894,-0.099269,-0.12065
-0.56566,-0.76132,-0.31689,0.20784,0.24026,-0.9482,0.79802,-0.60222,0.022329,0.139,-0.099301,-0.12079
-0.57254,-0.75613,-0.31698,0.20961,0.23878,-0.94818,0.79263,-0.60931,0.021781,0.13907,-0.099334,-0.12094
-0.57939,-0.75104,-0.31662,0.21193,0.23628,-0.94829,0.78701,-0.61653,0.022269,0.13913,-0.099371,-0.12108
-0.58633,-0.74562,-0.31665,0.21423,0.23426,-0.94828,0.78123,-0.62384,0.022381,0.13921,-0.099404,-0.12122
-0.59264,-0.7408,-0.31622,0.21518,0.23271,-0.94844,0.77619,-0.63013,0.021492,0.13929,-0.099437,-0.12137
-0.59965,-0.73525,-0.31596,0.21773,0.23004,-0.94851,0.77007,-0.63757,0.022141,0.13937,-0.099465,-0.12151
-0.60634,-0.72983,-0.31574,0.21971,0.22784,-0.94859,0.76425,-0.64454,0.022203,0.13945,-0.099512,-0.12163
-0.61307,-0.72423,-0.31565,0.22154,0.22592,-0.94862,0.75833,-0.6515,0.021935,0.13952,-0.099541,-0.12175
-0.61965,-0.71878,-0.31526,0.22348,0.22346,-0.94875,0.75239,-0.65834,0.022172,0.1396,-0.099578,-0.12187
-0.62623,-0.71316,-0.31503,0.22525,0.22135,-0.94883,0.74639,-0.66514,0.022025,0.13969,-0.099619,-0.12199
-0.63281,-0.70738,-0.3149,0.227,0.21934,-0.94887,0.74029,-0.67194,0.021775,0.13978,-0.09966,-0.12212
-0.6393,-0.70161,-0.31468,0.22866,0.21727,-0.94895,0.73417,-0.67862,0.02153,0.13989,-0.099695,-0.12224
-0.64593,-0.6956,-0.31449,0.23084,0.21471,-0.94901,0.72766,-0.68559,0.021885,0.13999,-0.099738,-0.12234
-0.65233,-0.6897,-0.31428,0.23246,0.21261,-0.94908,0.72141,-0.69217,0.021631,0.14008,-0.099773,-0.12245
-0.65875,-0.68372,-0.31396,0.23436,0.21006,-0.94918,0.71493,-0.69886,0.021854,0.14018,-0.099814,-0.12257
-0.66504,-0.67771,-0.31374,0.23583,0.20804,-0.94926,0.7086,-0.70529,0.021463,0.14025,-0.09985,-0.12268
-0.67145,-0.67141,-0.31363,0.23769,0.20574,-0.9493,0.7019,-0.71195,0.021449,0.14036,-0.099888,-0.12279
-0.67772,-0.66523,-0.31331,0.23954,0.20311,-0.9494,0.69521,-0.71848,0.021697,0.14046,-0.099927,-0.1229
-0.68391,-0.6589,-0.31325,0.24118,0.20104,-0.94943,0.68855,-0.72487,0.021419,0.14056,-0.099957,-0.12303
-0.69023,-0.65234,-0.31311,0.24302,0.19859,-0.94947,0.68156,-0.73145,0.021458,0.14069,-0.10001,-0.12312
-0.69636,-0.64596,-0.31275,0.24415,0.19657,-0.94961,0.67489,-0.73763,0.020829,0.14079,-0.10005,-0.12324
-0.7024,-0.63942,-0.31269,0.24612,0.19402,-0.94962,0.66788,-0.74397,0.02109,0.14088,-0.10009,-0.12335
-0.70848,-0.63286,-0.31231,0.24721,0.19196,-0.94976,0.66102,-0.75009,0.020451,0.14099,-0.10013,-0.12345
-0.71447,-0.62617,-0.31216,0.2489,0.18951,-0.94981,0.65389,-0.75631,0.020455,0.1411,-0.10016,-0.12356
-0.72038,-0.61962,-0.31165,0.25042,0.18667,-0.94997,0.64679,-0.76239,0.020692,0.14119,-0.1002,-0.12367
-0.72616,-0.61271,-0.31188,0.25237,0.18441,-0.9499,0.63953,-0.76849,0.020721,0.1413,-0.10023,-0.12377
-0.73202,-0.60571,-0.31187,0.25409,0.18201,-0.9499,0.63213,-0.77459,0.020669,0.14143,-0.10026,-0.12387
-0.73776,-0.59861,-0.31206,0.25594,0.17972,-0.94984,0.62467,-0.78062,0.020616,0.14156,-0.10031,-0.12396
-0.74333,-0.59172,-0.31197,0.25782,0.17692,-0.94986,0.61724,-0.78649,0.021047,0.14167,-0.10034,-0.12407
-0.74889,-0.58496,-0.31142,0.25924,0.17389,-0.95003,0.60988,-0.7922,0.02142,0.14178,-0.10036,-0.12418
-0.75442,-0.57762,-0.31179,0.2608,0.17212,-0.94992,0.60235,-0.79796,0.020795,0.14189,-0.10037,-0.1243
-0.75984,-0.57063,-0.31147,0.26241,0.16914,-0.95002,0.59479,-0.8036,0.021223,0.14202,-0.10037,-0.1244
-0.76504,-0.5635,-0.31172,0.26449,0.1664,-0.94992,0.58716,-0.80918,0.021734,0.14215,-0.10037,-0.12449
-0.77022,-0.55626,-0.312,0.26608,0.16434,-0.94984,0.57963,-0.8146,0.021433,0.14227,-0.10037,-0.1246
-0.7753,-0.54905,-0.31219,0.26786,0.1618,-0.94977,0.57198,-0.81998,0.021629,0.14241,-0.10036,-0.1247
-0.78026,-0.5418,-0.31247,0.26944,0.15969,-0.94969,0.56444,-0.8252,0.021378,0.14254,-0.10036,-0.12483
-0.78488,-0.53472,-0.31311,0.27172,0.15713,-0.94946,0.5569,-0.83029,0.021967,0.14268,-0.10037,-0.12493
-0.7894,-0.52763,-0.31377,0.27402,0.15452,-0.94923,0.54932,-0.8353,0.022599,0.14281,-0.10037,-0.12502
-0.79393,-0.52043,-0.31437,0.27597,0.15227,-0.94903,0.54178,-0.84022,0.022735,0.14295,-0.10038,-0.12511
-0.79811,-0.51357,-0.31505,0.27828,0.14957,-0.94878,0.53439,-0.84491,0.023544,0.14307,-0.10039,-0.12521
-0.80216,-0.50666,-0.31596,0.28061,0.1472,-0.94847,0.52706,-0.84948,0.024097,0.14317,-0.1004,-0.1253
-0.80623,-0.49953,-0.31696,0.28279,0.14519,-0.94813,0.51964,-0.85404,0.024203,0.14329,-0.10041,-0.1254
-0.81007,-0.49265,-0.31794,0.28498,0.14308,-0.94779,0.51242,-0.85838,0.024488,0.1434,-0.10043,-0.12548
-0.81398,-0.48569,-0.31865,0.28695,0.14076,-0.94755,0.50507,-0.86272,0.02479,0.14351,-0.10045,-0.12557
-0.81853,-0.47803,-0.3186,0.28791,0.13856,-0.94758,0.49711,-0.86735,0.024216,0.14365,-0.10047,-0.12566
-0.82283,-0.47073,-0.31837,0.28901,0.13575,-0.94765,0.48931,-0.87177,0.024341,0.14378,-0.10049,-0.12575
-0.82722,-0.46288,-0.31849,0.29017,0.13346,-0.94762,0.48115,-0.87631,0.023915,0.14393,-0.10053,-0.12577
-0.83069,-0.45638,-0.31887,0.29211,0.1303,-0.94747,0.47395,-0.88019,0.025074,0.14402,-0.10057,-0.12588
-0.83431,-0.44922,-0.31958,0.29378,0.12827,-0.94723,0.46651,-0.88416,0.024958,0.14415,-0.10059,-0.12596
-0.83762,-0.44249,-0.3203,0.29576,0.12562,-0.94697,0.45926,-0.88793,0.025653,0.14427,-0.10062,-0.12604
-0.8412,-0.43528,-0.32079,0.2972,0.12343,-0.9468,0.45172,-0.89179,0.025536,0.1444,-0.10065,-0.12611
-0.84521,-0.42734,-0.32093,0.29801,0.1216,-0.94679,0.44362,-0.89588,0.024576,0.14454,-0.10067,-0.1262
-0.84863,-0.4203,-0.3212,0.29939,0.11897,-0.94668,0.43611,-0.89955,0.024876,0.14467,-0.1007,-0.12627
-0.85278,-0.41199,-0.32099,0.29985,0.117,-0.94679,0.42762,-0.90365,0.023759,0.14482,-0.10074,-0.12635
-0.85674,-0.40422,-0.32034,0.3006,0.11336,-0.94699,0.4191,-0.90761,0.024385,0.14496,-0.1008,-0.12639
