0.40455,-0.91031,-0.087599,0.22193,0.19064,-0.95624,0.88718,0.36741,0.27915,0.13481,-0.099483,-0.10605
0.40482,-0.91021,-0.087358,0.22192,0.19048,-0.95628,0.88706,0.36773,0.27911,0.13478,-0.099481,-0.10609
0.39936,-0.91237,-0.089983,0.22241,0.19163,-0.95594,0.88941,0.36175,0.27945,0.13466,-0.099483,-0.10623
0.39085,-0.91607,-0.089683,0.22421,0.18925,-0.95599,0.89273,0.35354,0.27936,0.13459,-0.099487,-0.10632
0.38565,-0.91807,-0.091807,0.22428,0.1898,-0.95586,0.89497,0.34803,0.2791,0.1345,-0.099505,-0.10647
0.37752,-0.92154,-0.090736,0.2259,0.18668,-0.9561,0.89802,0.34045,0.27865,0.13445,-0.099542,-0.10661
0.3713,-0.92397,-0.09168,0.22607,0.18573,-0.95624,0.90057,0.33433,0.27784,0.13438,-0.099572,-0.10675
0.36132,-0.92807,-0.090197,0.22844,0.18189,-0.95642,0.90403,0.32497,0.27773,0.13433,-0.099597,-0.10687
0.35423,-0.93077,-0.090481,0.22944,0.1803,-0.95648,0.90657,0.31806,0.27743,0.13428,-0.099633,-0.10701
0.3462,-0.93378,-0.090593,0.23117,0.17849,-0.9564,0.90923,0.31017,0.27765,0.13423,-0.099669,-0.10715
0.33757,-0.9369,-0.090895,0.23257,0.17659,-0.95641,0.91212,0.30172,0.27751,0.13418,-0.099713,-0.10729
0.32946,-0.93976,-0.091088,0.2339,0.17471,-0.95643,0.91474,0.2938,0.27737,0.13412,-0.099743,-0.10742
0.32151,-0.94251,-0.091143,0.23534,0.17277,-0.95643,0.91719,0.28605,0.27736,0.13406,-0.099774,-0.10755
0.31238,-0.94554,-0.091465,0.23677,0.17074,-0.95644,0.91998,0.27711,0.27722,0.13402,-0.099818,-0.10769
0.30358,-0.9484,-0.091491,0.23841,0.16858,-0.95642,0.92249,0.26854,0.27729,0.13398,-0.09986,-0.10783
0.29603,-0.9508,-0.091321,0.23962,0.16647,-0.95649,0.92463,0.26127,0.27711,0.13394,-0.099911,-0.10798
0.28681,-0.95362,-0.0914,0.24106,0.16418,-0.95652,0.92716,0.25231,0.27697,0.1339,-0.099953,-0.10811
0.27856,-0.95607,-0.091323,0.24241,0.162,-0.95655,0.92932,0.24432,0.27689,0.13386,-0.1,-0.10826
0.27072,-0.95831,-0.091397,0.24375,0.16009,-0.95654,0.93129,0.23667,0.27692,0.13382,-0.10005,-0.1084
0.26127,-0.96097,-0.09096,0.24549,0.15729,-0.95655,0.93353,0.22759,0.277,0.13377,-0.10009,-0.10853
0.25283,-0.96313,-0.091929,0.24653,0.15601,-0.9565,0.93557,0.21917,0.27689,0.13372,-0.10013,-0.10867
0.24419,-0.96541,-0.091388,0.24785,0.15325,-0.9566,0.93752,0.21094,0.2767,0.13369,-0.10019,-0.10882
0.236,-0.9674,-0.091833,0.24895,0.15154,-0.95659,0.93932,0.2029,0.27659,0.13365,-0.10023,-0.10896
0.22635,-0.96975,-0.091343,0.25077,0.14863,-0.95657,0.94121,0.19362,0.27682,0.13361,-0.10027,-0.10909
0.21862,-0.97147,-0.091891,0.25163,0.14711,-0.95658,0.94281,0.186,0.27661,0.13358,-0.10032,-0.10924
0.20949,-0.97352,-0.09145,0.25337,0.14438,-0.95654,0.94441,0.17722,0.27691,0.13354,-0.10036,-0.10938
0.20076,-0.97534,-0.091661,0.25435,0.14225,-0.95659,0.94605,0.16873,0.27664,0.13351,-0.10041,-0.10953
0.19207,-0.97712,-0.091397,0.25565,0.13973,-0.95662,0.9475,0.16037,0.27664,0.1335,-0.10047,-0.10968
0.18303,-0.97879,-0.092021,0.25677,0.13795,-0.95658,0.94898,0.15146,0.27657,0.13346,-0.1005,-0.10981
0.17454,-0.98038,-0.091639,0.25781,0.13532,-0.95667,0.9503,0.14336,0.27637,0.13344,-0.10055,-0.10996
0.16581,-0.98186,-0.091922,0.25933,0.13335,-0.95654,0.95145,0.13477,0.27674,0.13341,-0.1006,-0.11011
0.15667,-0.98339,-0.091694,0.26032,0.13067,-0.95664,0.95273,0.12601,0.27647,0.13339,-0.10064,-0.11026
0.1484,-0.9846,-0.092435,0.26107,0.12916,-0.95664,0.95384,0.11783,0.27622,0.13337,-0.10069,-0.11039
0.13938,-0.98597,-0.091823,0.26239,0.12619,-0.95667,0.95484,0.10924,0.2763,0.13335,-0.10073,-0.11054
0.13087,-0.98712,-0.091985,0.26328,0.12405,-0.95671,0.9558,0.10099,0.27612,0.13332,-0.10078,-0.11069
0.12168,-0.98832,-0.091702,0.26433,0.12132,-0.95677,0.95673,0.092176,0.276,0.1333,-0.10082,-0.11082
0.11284,-0.98937,-0.09175,0.26555,0.11901,-0.95672,0.95747,0.083595,0.27616,0.1333,-0.10087,-0.11098
0.10399,-0.99033,-0.091773,0.26645,0.11664,-0.95676,0.95822,0.075043,0.27601,0.13328,-0.10091,-0.11112
0.095222,-0.9912,-0.091968,0.26738,0.11446,-0.95677,0.95888,0.066515,0.27592,0.13325,-0.10096,-0.11127
0.085977,-0.99207,-0.091631,0.26848,0.11164,-0.95679,0.95944,0.057661,0.27596,0.13324,-0.10101,-0.11142
0.077254,-0.99276,-0.092025,0.26938,0.10965,-0.95677,0.95993,0.049125,0.2759,0.13323,-0.10106,-0.11157
0.068707,-0.99342,-0.091601,0.27035,0.10692,-0.95681,0.96031,0.040975,0.27592,0.13322,-0.1011,-0.11172
0.059011,-0.99406,-0.091447,0.27133,0.10413,-0.95684,0.96067,0.031651,0.27587,0.13322,-0.10114,-0.11185
0.049946,-0.99457,-0.091297,0.27225,0.10151,-0.95686,0.96093,0.022935,0.27584,0.13321,-0.10118,-0.11199
0.041894,-0.9949,-0.091782,0.27273,0.099762,-0.9569,0.96118,0.015056,0.27552,0.13321,-0.10123,-0.11215
0.032406,-0.99531,-0.091191,0.27374,0.096589,-0.95694,0.96126,0.0060478,0.27558,0.1332,-0.10128,-0.11229
0.023247,-0.99553,-0.091499,0.27479,0.094362,-0.95686,0.96122,-0.0028994,0.27576,0.13318,-0.10132,-0.11243
0.015303,-0.99568,-0.091586,0.27508,0.092255,-0.95698,0.9613,-0.010549,0.27531,0.13319,-0.10137,-0.11259
0.0064082,-0.99579,-0.091488,0.27607,0.089696,-0.95694,0.96112,-0.019125,0.27548,0.13319,-0.10142,-0.11274
-0.0035237,-0.99582,-0.091248,0.2772,0.0867,-0.95689,0.96081,-0.028666,0.27574,0.13321,-0.10148,-0.11289
-0.011641,-0.99572,-0.091657,0.27738,0.084851,-0.95701,0.96069,-0.036564,0.27521,0.13319,-0.10152,-0.11303
-0.021098,-0.99559,-0.091403,0.27852,0.081952,-0.95693,0.9602,-0.045646,0.27556,0.13318,-0.10155,-0.11317
-0.030079,-0.99535,-0.091562,0.27897,0.079604,-0.957,0.95983,-0.054328,0.27528,0.13319,-0.1016,-0.11331
-0.038942,-0.99508,-0.091088,0.27956,0.076667,-0.95706,0.95934,-0.062735,0.2752,0.1332,-0.10165,-0.11347
-0.047224,-0.99466,-0.091797,0.27989,0.075042,-0.95709,0.95887,-0.070891,0.27485,0.13321,-0.1017,-0.11362
-0.057066,-0.99421,-0.091077,0.28092,0.07155,-0.95706,0.95803,-0.080201,0.27521,0.13322,-0.10175,-0.11376
-0.065974,-0.99365,-0.091182,0.28148,0.069137,-0.95707,0.9573,-0.088808,0.27513,0.13323,-0.10179,-0.11391
-0.074121,-0.99306,-0.091363,0.28173,0.067032,-0.95715,0.95663,-0.096684,0.27481,0.13324,-0.10184,-0.11407
-0.074107,-0.99306,-0.091354,0.28173,0.067027,-0.95715,0.95663,-0.096669,0.2748,0.13324,-0.10184,-0.11407
-0.074107,-0.99306,-0.091354,0.28173,0.067027,-0.95715,0.95663,-0.096669,0.2748,0.13324,-0.10184,-0.11407
-0.093776,-0.99119,-0.093586,0.28133,0.063788,-0.95749,0.95502,-0.11612,0.27287,0.13327,-0.10196,-0.11435
-0.10088,-0.99071,-0.091231,0.28296,0.059342,-0.9573,0.95381,-0.12238,0.27434,0.13329,-0.10198,-0.1145
-0.11919,-0.98862,-0.091821,0.28418,0.054643,-0.95721,0.95133,-0.14018,0.27443,0.13336,-0.1021,-0.11471
-0.11898,-0.98868,-0.091373,0.28407,0.054283,-0.95726,0.95139,-0.13986,0.2744,0.1333,-0.10207,-0.1148
-0.13596,-0.9865,-0.09124,0.28451,0.049338,-0.9574,0.94898,-0.15612,0.27396,0.13335,-0.10218,-0.1151
-0.14503,-0.98526,-0.090758,0.28489,0.04626,-0.95744,0.94753,-0.16471,0.27398,0.13338,-0.10223,-0.11524
-0.15428,-0.98386,-0.090674,0.28547,0.04347,-0.9574,0.94589,-0.1736,0.27416,0.1334,-0.10229,-0.11538
-0.16285,-0.98248,-0.090627,0.28571,0.040959,-0.95744,0.94438,-0.18181,0.27404,0.13342,-0.10233,-0.11552
-0.17135,-0.98104,-0.090513,0.2857,0.038444,-0.95755,0.94288,-0.18994,0.2737,0.13345,-0.10238,-0.11568
-0.18032,-0.97942,-0.090717,0.28601,0.036034,-0.95755,0.94111,-0.19861,0.27362,0.13346,-0.10241,-0.11581
-0.18952,-0.9777,-0.090517,0.28651,0.033108,-0.9575,0.93914,-0.2074,0.27385,0.13349,-0.10246,-0.11595
-0.19773,-0.97601,-0.091144,0.28637,0.031409,-0.95761,0.93749,-0.21545,0.27329,0.13354,-0.10251,-0.1161
-0.2067,-0.97424,-0.090174,0.28678,0.027789,-0.95759,0.93543,-0.22379,0.27365,0.13357,-0.10255,-0.11623
-0.21603,-0.97219,-0.090474,0.28705,0.025329,-0.95758,0.93324,-0.23284,0.27359,0.1336,-0.1026,-0.11637
-0.22406,-0.97044,-0.089735,0.28698,0.022296,-0.95768,0.93136,-0.24033,0.2735,0.13364,-0.10265,-0.11652
-0.23278,-0.96835,-0.090061,0.28685,0.020122,-0.95777,0.92927,-0.24878,0.27308,0.13366,-0.10269,-0.11665
-0.24177,-0.96611,-0.090434,0.28712,0.0178,-0.95773,0.92688,-0.25751,0.27308,0.1337,-0.10274,-0.11679
-0.25059,-0.96392,-0.089806,0.2872,0.014568,-0.95776,0.92451,-0.2658,0.27319,0.13375,-0.10279,-0.11696
-0.2583,-0.96191,-0.08948,0.28678,0.012102,-0.95792,0.92252,-0.27309,0.27273,0.13378,-0.10283,-0.11709
-0.26776,-0.95932,-0.089464,0.28712,0.0091882,-0.95785,0.91971,-0.28216,0.27298,0.13382,-0.10288,-0.11723
-0.27634,-0.95685,-0.089915,0.28719,0.0070697,-0.95785,0.91715,-0.29051,0.27284,0.13386,-0.10292,-0.11736
-0.28491,-0.95439,-0.089274,0.28708,0.0038999,-0.9579,0.91455,-0.29855,0.27287,0.13391,-0.10298,-0.11751
-0.29372,-0.95167,-0.089677,0.28688,0.001726,-0.95796,0.91182,-0.3071,0.27251,0.13396,-0.10303,-0.11765
-0.3021,-0.94907,-0.089475,0.28667,-0.00093218,-0.95803,0.90915,-0.31507,0.27235,0.134,-0.10308,-0.11778
-0.31111,-0.94622,-0.088762,0.28684,-0.004449,-0.95797,0.90605,-0.3235,0.2728,0.13404,-0.10311,-0.11791
-0.31894,-0.94359,-0.088993,0.28639,-0.006439,-0.95809,0.90347,-0.33106,0.27228,0.13409,-0.10316,-0.11804
-0.32806,-0.94045,-0.088993,0.28646,-0.0092707,-0.95805,0.90017,-0.33979,0.27245,0.13415,-0.10321,-0.11818
-0.3363,-0.9376,-0.088395,0.28605,-0.012269,-0.95814,0.89726,-0.3475,0.27233,0.13419,-0.10325,-0.11832
-0.34488,-0.93448,-0.08831,0.28586,-0.014953,-0.95816,0.89406,-0.3557,0.27229,0.13424,-0.1033,-0.11845
-0.35315,-0.9314,-0.088147,0.28549,-0.017562,-0.95822,0.89094,-0.36357,0.27211,0.1343,-0.10335,-0.11859
-0.36163,-0.92814,-0.088192,0.28508,-0.020019,-0.9583,0.88767,-0.37169,0.27183,0.13435,-0.1034,-0.11872
-0.37057,-0.92463,-0.087994,0.2853,-0.023156,-0.95816,0.8839,-0.38017,0.27238,0.1344,-0.10345,-0.11885
-0.37836,-0.92149,-0.087792,0.28443,-0.02548,-0.95836,0.88088,-0.38757,0.27174,0.13446,-0.10349,-0.11899
-0.38716,-0.91783,-0.087744,0.28424,-0.028281,-0.95834,0.87711,-0.39597,0.27183,0.13452,-0.10353,-0.11913
-0.39497,-0.91448,-0.087931,0.28348,-0.030272,-0.9585,0.87386,-0.40351,0.27119,0.13458,-0.10359,-0.11926
-0.40378,-0.91066,-0.087567,0.28356,-0.033574,-0.95837,0.8698,-0.4118,0.27178,0.13464,-0.10362,-0.11939
-0.41171,-0.9071,-0.087592,0.28274,-0.035772,-0.95853,0.86634,-0.4194,0.2712,0.13471,-0.10368,-0.11953
-0.42019,-0.90324,-0.087166,0.28257,-0.038958,-0.95845,0.86232,-0.42736,0.2716,0.13477,-0.10373,-0.11966
-0.42811,-0.8995,-0.087267,0.28186,-0.041149,-0.95857,0.85865,-0.43497,0.27115,0.13483,-0.10377,-0.11979
-0.43618,-0.89564,-0.087018,0.28117,-0.043789,-0.95866,0.8548,-0.44261,0.27093,0.13488,-0.10382,-0.11992
-0.44447,-0.89155,-0.087071,0.28079,-0.046362,-0.95865,0.85065,-0.45054,0.27095,0.13495,-0.10386,-0.12006
-0.45281,-0.88735,-0.087011,0.28025,-0.049007,-0.95867,0.84642,-0.45849,0.27087,0.13502,-0.10391,-0.12019
-0.46039,-0.88348,-0.086662,0.2792,-0.051436,-0.95886,0.84267,-0.46564,0.27034,0.13508,-0.10396,-0.12034
-0.46834,-0.87933,-0.086216,0.27862,-0.054385,-0.95886,0.83846,-0.4731,0.27047,0.13514,-0.104,-0.12048
-0.47656,-0.87488,-0.086475,0.27819,-0.056763,-0.95885,0.83396,-0.48101,0.27044,0.13519,-0.10405,-0.12062
-0.48422,-0.87071,-0.085976,0.27722,-0.059476,-0.95896,0.82987,-0.48818,0.27018,0.13524,-0.10409,-0.12077
-0.49231,-0.86619,-0.085685,0.27671,-0.062411,-0.95893,0.82526,-0.4958,0.27041,0.13529,-0.10413,-0.12091
-0.49987,-0.86184,-0.085794,0.27573,-0.064451,-0.95907,0.82104,-0.50307,0.26985,0.13535,-0.10419,-0.12106
-0.50768,-0.8573,-0.085437,0.2749,-0.067206,-0.95912,0.81651,-0.51042,0.26979,0.13541,-0.10423,-0.12121
-0.51565,-0.85257,-0.085059,0.2743,-0.070215,-0.95908,0.81171,-0.51788,0.27006,0.13547,-0.10427,-0.12136
-0.52346,-0.84779,-0.085102,0.27368,-0.072709,-0.95907,0.8069,-0.52532,0.27008,0.13553,-0.10432,-0.1215
-0.53092,-0.84319,-0.084599,0.27245,-0.075309,-0.95922,0.80243,-0.53232,0.26971,0.1356,-0.10437,-0.12165
-0.53871,-0.8382,-0.084936,0.27165,-0.077382,-0.95928,0.7975,-0.53984,0.26938,0.13566,-0.10442,-0.12179
-0.54631,-0.83331,-0.084452,0.27075,-0.08028,-0.9593,0.79261,-0.54694,0.26948,0.13572,-0.10447,-0.12192
-0.55386,-0.82836,-0.084068,0.26986,-0.083074,-0.95931,0.78767,-0.55401,0.26955,0.13579,-0.10452,-0.12205
-0.56157,-0.82313,-0.084269,0.26881,-0.085174,-0.95942,0.78254,-0.56144,0.2691,0.13586,-0.10455,-0.12218
-0.56928,-0.81784,-0.083944,0.26813,-0.08817,-0.95934,0.77719,-0.56865,0.26948,0.13594,-0.10459,-0.1223
-0.57681,-0.81258,-0.083698,0.267,-0.090703,-0.95942,0.77202,-0.57575,0.26928,0.13602,-0.10464,-0.12243
-0.58429,-0.80722,-0.083652,0.26579,-0.092955,-0.95954,0.76678,-0.58289,0.26887,0.13611,-0.10468,-0.12256
-0.59194,-0.80165,-0.083491,0.26492,-0.095687,-0.95951,0.7612,-0.59009,0.26902,0.1362,-0.10472,-0.12269
-0.59933,-0.79615,-0.083331,0.26387,-0.098205,-0.95955,0.75576,-0.59708,0.26894,0.13628,-0.10475,-0.1228
-0.60684,-0.79049,-0.082895,0.26296,-0.10125,-0.95948,0.75007,-0.60405,0.26931,0.13639,-0.10479,-0.12291
-0.61419,-0.78479,-0.082914,0.26209,-0.10375,-0.95945,0.74436,-0.61102,0.2694,0.13646,-0.10484,-0.12303
-0.62149,-0.779,-0.083066,0.26105,-0.10596,-0.95949,0.73865,-0.618,0.26921,0.13654,-0.10489,-0.12316
-0.6288,-0.77314,-0.082864,0.26005,-0.10867,-0.95946,0.73279,-0.62486,0.26939,0.13664,-0.10493,-0.12328
-0.6361,-0.76716,-0.08272,0.25888,-0.11119,-0.95949,0.72688,-0.63175,0.26933,0.13674,-0.10497,-0.1234
-0.64319,-0.76125,-0.082446,0.25759,-0.11372,-0.95954,0.72108,-0.63841,0.26924,0.13683,-0.10502,-0.12351
-0.6503,-0.75519,-0.082444,0.25647,-0.11609,-0.95956,0.71508,-0.64515,0.26917,0.13692,-0.10506,-0.12364
-0.65728,-0.74914,-0.082307,0.25518,-0.11846,-0.95961,0.70913,-0.65174,0.26903,0.137,-0.10511,-0.12375
-0.66436,-0.74284,-0.082514,0.25421,-0.12077,-0.95958,0.70285,-0.65848,0.26907,0.13711,-0.10515,-0.12385
-0.67127,-0.73664,-0.082151,0.25302,-0.12356,-0.95954,0.69669,-0.6649,0.26933,0.1372,-0.10519,-0.12397
-0.67825,-0.73022,-0.082257,0.25213,-0.12611,-0.95944,0.69023,-0.67148,0.26964,0.13731,-0.10523,-0.12407
-0.68506,-0.72381,-0.082407,0.25074,-0.12807,-0.95955,0.68398,-0.67801,0.26922,0.1374,-0.10527,-0.12418
-0.69183,-0.71732,-0.082617,0.2497,-0.13032,-0.95951,0.67751,-0.68445,0.26928,0.1375,-0.1053,-0.12429
-0.69851,-0.71079,-0.082813,0.24854,-0.13245,-0.95952,0.67105,-0.69082,0.26918,0.1376,-0.10535,-0.12441
-0.70503,-0.70432,-0.082863,0.24776,-0.13514,-0.95935,0.66449,-0.6969,0.26978,0.1377,-0.10539,-0.12452
-0.71151,-0.69777,-0.082968,0.24687,-0.13767,-0.95922,0.65789,-0.70297,0.27021,0.13781,-0.10543,-0.12463
-0.71788,-0.69117,-0.083289,0.246,-0.13993,-0.95912,0.65125,-0.70902,0.27048,0.13792,-0.10547,-0.12473
-0.72421,-0.68449,-0.083619,0.24502,-0.14207,-0.95905,0.64458,-0.71505,0.2706,0.13803,-0.1055,-0.12483
-0.73044,-0.67774,-0.084414,0.24443,-0.144,-0.95891,0.63773,-0.72107,0.27084,0.13813,-0.10554,-0.12494
-0.73657,-0.671,-0.085007,0.24383,-0.1462,-0.95874,0.63088,-0.7269,0.27129,0.13825,-0.10557,-0.12503
-0.74247,-0.66442,-0.085374,0.24362,-0.1491,-0.95834,0.62401,-0.73234,0.27256,0.13836,-0.10559,-0.1251
-0.7483,-0.65779,-0.085805,0.24284,-0.15127,-0.9582,0.61731,-0.73786,0.27293,0.13846,-0.10561,-0.12521
-0.75394,-0.65114,-0.087153,0.2427,-0.15279,-0.95799,0.61047,-0.74342,0.27322,0.13856,-0.10563,-0.12532
-0.75953,-0.64454,-0.087629,0.24206,-0.15503,-0.95779,0.60375,-0.74869,0.27377,0.13867,-0.10564,-0.12542
-0.76508,-0.63779,-0.088745,0.24153,-0.15648,-0.95769,0.59692,-0.75415,0.27376,0.13879,-0.10565,-0.12553
-0.77076,-0.63089,-0.088866,0.24015,-0.1585,-0.95771,0.59013,-0.75951,0.27367,0.13892,-0.10566,-0.12564
-0.77656,-0.62379,-0.088566,0.23819,-0.16052,-0.95786,0.58329,-0.76493,0.27323,0.13904,-0.10567,-0.12576
-0.78241,-0.61646,-0.088312,0.23605,-0.16234,-0.95809,0.57629,-0.77047,0.27253,0.13918,-0.10569,-0.12588
-0.78787,-0.60953,-0.087955,0.23469,-0.16513,-0.95794,0.56937,-0.77537,0.27315,0.13931,-0.10569,-0.12597
-0.79289,-0.60284,-0.08892,0.23412,-0.16664,-0.95782,0.56259,-0.78027,0.27326,0.13943,-0.10569,-0.12607
-0.798,-0.59596,-0.089605,0.23323,-0.1683,-0.95775,0.5557,-0.78518,0.27329,0.13955,-0.1057,-0.12617
-0.80283,-0.58929,-0.090553,0.23273,-0.16992,-0.95758,0.5489,-0.78985,0.27356,0.13968,-0.1057,-0.12626
-0.80799,-0.58213,-0.090985,0.23166,-0.17189,-0.95749,0.54174,-0.79472,0.27374,0.13983,-0.10571,-0.1263
-0.81234,-0.57597,-0.091484,0.23178,-0.17491,-0.95691,0.53515,-0.79854,0.27559,0.13994,-0.10572,-0.12637
-0.81736,-0.56874,-0.091961,0.23025,-0.17615,-0.95706,0.52812,-0.80343,0.27493,0.14006,-0.10575,-0.12648
-0.82206,-0.56189,-0.09219,0.22911,-0.17819,-0.95695,0.52127,-0.8078,0.27522,0.14018,-0.10576,-0.12658
-0.82717,-0.55427,-0.092581,0.22721,-0.1792,-0.95722,0.51397,-0.81282,0.27416,0.14031,-0.10577,-0.12667
-0.83211,-0.54682,-0.092648,0.22542,-0.18082,-0.95733,0.50673,-0.81749,0.27373,0.14044,-0.10579,-0.12677
-0.83704,-0.53923,-0.092711,0.22349,-0.1823,-0.95751,0.49941,-0.82219,0.27311,0.14057,-0.10581,-0.12686
-0.84211,-0.53136,-0.092237,0.22103,-0.18404,-0.95775,0.49193,-0.82691,0.27242,0.1407,-0.10584,-0.12694
-0.84746,-0.52296,-0.091217,0.21802,-0.18621,-0.95802,0.48402,-0.83177,0.27182,0.14084,-0.10586,-0.12704
-0.85164,-0.51605,-0.091705,0.21694,-0.18778,-0.95795,0.47713,-0.83572,0.27188,0.14096,-0.10588,-0.12712
-0.85633,-0.50817,-0.092038,0.2151,-0.18893,-0.95814,0.46951,-0.84028,0.27109,0.14109,-0.1059,-0.12722
-0.8606,-0.50087,-0.092227,0.21366,-0.19069,-0.95812,0.4623,-0.84426,0.27112,0.14121,-0.10593,-0.1273
-0.86493,-0.49337,-0.092166,0.21206,-0.19279,-0.95805,0.4549,-0.84819,0.27137,0.14134,-0.10595,-0.12738
-0.86926,-0.4857,-0.092093,0.21009,-0.19432,-0.95818,0.44749,-0.85225,0.27095,0.14147,-0.10597,-0.12746
-0.87343,-0.47807,-0.092591,0.20872,-0.19574,-0.95819,0.43996,-0.85623,0.27075,0.1416,-0.10599,-0.12754
-0.8774,-0.47067,-0.092931,0.20723,-0.1971,-0.95823,0.4327,-0.86001,0.27047,0.14172,-0.10601,-0.12762
-0.88188,-0.46234,-0.092302,0.20504,-0.19982,-0.95814,0.42455,-0.86389,0.27101,0.14189,-0.10605,-0.12764
-0.88636,-0.45388,-0.091452,0.20252,-0.20244,-0.95812,0.41636,-0.86776,0.27136,0.14205,-0.10609,-0.12764
-0.89026,-0.44612,-0.091683,0.20075,-0.20367,-0.95824,0.40882,-0.87149,0.27088,0.14217,-0.10611,-0.12772
-0.89411,-0.43836,-0.091722,0.19905,-0.2055,-0.9582,0.40119,-0.87499,0.27099,0.14231,-0.10613,-0.1278
-0.89783,-0.43064,-0.09194,0.19735,-0.20687,-0.95826,0.39364,-0.87849,0.27073,0.14243,-0.10615,-0.12787
