0.44707,-0.89171,-0.070617,0.24452,0.19777,-0.94926,0.86043,0.40712,0.30645,0.13446,-0.098814,-0.10304
0.44612,-0.89231,-0.068984,0.24581,0.19628,-0.94924,0.86055,0.40652,0.3069,0.13441,-0.098719,-0.10322
0.44068,-0.89484,-0.071143,0.24591,0.19656,-0.94915,0.86333,0.40078,0.30667,0.13434,-0.098723,-0.10331
0.43356,-0.89827,-0.071668,0.24723,0.19505,-0.94912,0.86655,0.39378,0.30664,0.13426,-0.098728,-0.10342
0.42657,-0.90154,-0.072555,0.24825,0.19384,-0.9491,0.86972,0.38685,0.30649,0.13419,-0.098743,-0.10354
0.42001,-0.90462,-0.072465,0.24925,0.19177,-0.94926,0.87262,0.38064,0.30602,0.13412,-0.098763,-0.10367
0.41272,-0.90794,-0.072872,0.25022,0.18994,-0.94937,0.87582,0.37359,0.30558,0.13406,-0.098787,-0.1038
0.40578,-0.91105,-0.072996,0.25141,0.18805,-0.94944,0.87871,0.36691,0.30535,0.13399,-0.098813,-0.10393
0.39746,-0.91474,-0.072652,0.25309,0.18538,-0.94952,0.88203,0.35901,0.30519,0.13394,-0.098838,-0.10406
0.38971,-0.91805,-0.072834,0.25407,0.18319,-0.94968,0.8852,0.3516,0.30464,0.13388,-0.098877,-0.1042
0.38094,-0.92181,-0.071687,0.25615,0.17972,-0.94978,0.88841,0.34345,0.30459,0.13383,-0.098906,-0.10432
0.37316,-0.92496,-0.072117,0.25712,0.17779,-0.94988,0.89143,0.33592,0.30417,0.13377,-0.098943,-0.10446
0.36405,-0.9286,-0.071838,0.25915,0.17508,-0.94984,0.8946,0.32717,0.30439,0.13372,-0.098975,-0.10459
0.35667,-0.93145,-0.072074,0.2605,0.17324,-0.9498,0.89718,0.31999,0.30443,0.13367,-0.099016,-0.10474
0.34813,-0.93466,-0.072273,0.26176,0.17095,-0.94987,0.90016,0.31176,0.30417,0.13363,-0.099058,-0.10488
0.33925,-0.93792,-0.072254,0.26359,0.16851,-0.9498,0.90301,0.30318,0.3044,0.13358,-0.099091,-0.105
0.33137,-0.94071,-0.072468,0.26456,0.16637,-0.94991,0.90565,0.2956,0.30401,0.13353,-0.099136,-0.10515
0.32302,-0.94359,-0.072744,0.26632,0.16439,-0.94976,0.90815,0.28742,0.30439,0.13348,-0.099176,-0.10529
0.31426,-0.94656,-0.072529,0.26747,0.16158,-0.94992,0.91088,0.27912,0.30395,0.13343,-0.099215,-0.10543
0.30616,-0.94921,-0.072543,0.26887,0.15932,-0.94991,0.91322,0.27132,0.304,0.13338,-0.099252,-0.10557
0.29783,-0.95185,-0.072597,0.27018,0.15699,-0.94992,0.91559,0.2633,0.30393,0.13333,-0.099295,-0.10571
0.28873,-0.95468,-0.072244,0.27185,0.1541,-0.94992,0.91801,0.25463,0.30402,0.1333,-0.099343,-0.10584
0.27999,-0.95726,-0.072501,0.27295,0.15178,-0.94998,0.92038,0.24619,0.30378,0.13326,-0.099394,-0.10598
0.27186,-0.9596,-0.072484,0.27414,0.14943,-0.95001,0.92246,0.2384,0.30369,0.13321,-0.099434,-0.10612
0.26365,-0.9619,-0.072361,0.27555,0.14699,-0.94998,0.92442,0.23053,0.3038,0.13316,-0.099478,-0.10627
0.25427,-0.96441,-0.072564,0.27711,0.14454,-0.9499,0.92658,0.22143,0.304,0.13313,-0.099529,-0.1064
0.24649,-0.96643,-0.072448,0.27792,0.1421,-0.95004,0.92844,0.21404,0.30362,0.1331,-0.099583,-0.10656
0.23758,-0.96866,-0.072518,0.27925,0.13961,-0.95001,0.93036,0.20545,0.30367,0.13305,-0.099622,-0.10669
0.22878,-0.97075,-0.072844,0.28054,0.1374,-0.94996,0.93218,0.1969,0.30377,0.13302,-0.099679,-0.10683
0.21971,-0.97285,-0.072679,0.28194,0.13464,-0.94994,0.93394,0.18822,0.30387,0.13298,-0.099723,-0.10696
0.21104,-0.97475,-0.072998,0.28297,0.1324,-0.94995,0.93563,0.17982,0.30376,0.13295,-0.09978,-0.1071
0.20196,-0.97668,-0.072807,0.28401,0.12955,-0.95003,0.93731,0.17119,0.30355,0.1329,-0.099826,-0.10724
0.19412,-0.97826,-0.072913,0.28501,0.12736,-0.95003,0.93866,0.16364,0.30354,0.13286,-0.099872,-0.10738
0.18471,-0.98007,-0.073073,0.28619,0.12477,-0.95001,0.9402,0.15456,0.30353,0.13283,-0.099927,-0.10751
0.17565,-0.98177,-0.072668,0.28755,0.12176,-0.94999,0.94152,0.14597,0.3037,0.13283,-0.099995,-0.10767
0.16764,-0.98312,-0.073319,0.28792,0.11995,-0.95011,0.94287,0.13816,0.30317,0.13279,-0.10004,-0.10781
0.15834,-0.9847,-0.072693,0.28943,0.11668,-0.95006,0.94401,0.1294,0.30348,0.13277,-0.1001,-0.10795
0.14973,-0.98602,-0.073115,0.29025,0.11452,-0.95007,0.94517,0.12103,0.30334,0.13274,-0.10016,-0.10809
0.14096,-0.98732,-0.073021,0.29132,0.11186,-0.95006,0.94619,0.11264,0.30339,0.13272,-0.10021,-0.10824
0.13195,-0.98855,-0.073163,0.29233,0.10933,-0.95005,0.94717,0.10397,0.30341,0.1327,-0.10027,-0.10837
0.13196,-0.98855,-0.073149,0.29232,0.10932,-0.95005,0.94717,0.10398,0.3034,0.1327,-0.10026,-0.10837
0.12331,-0.98963,-0.073724,0.29317,0.1073,-0.95002,0.94807,0.095532,0.30336,0.13268,-0.10032,-0.10851
0.10299,-0.99216,-0.070778,0.29599,0.098504,-0.9501,0.94962,0.076905,0.30381,0.13264,-0.10043,-0.10882
0.097825,-0.99244,-0.074171,0.29521,0.10011,-0.95017,0.95041,0.071055,0.30277,0.13262,-0.10048,-0.10894
0.086337,-0.99361,-0.072659,0.29705,0.095288,-0.95009,0.95095,0.060445,0.30338,0.13261,-0.10053,-0.10906
0.079141,-0.99415,-0.073519,0.29728,0.093931,-0.95016,0.9515,0.053341,0.30298,0.13259,-0.10059,-0.10922
0.069563,-0.99491,-0.072911,0.29845,0.090496,-0.95013,0.95189,0.044333,0.30323,0.13259,-0.10065,-0.10937
0.060416,-0.99548,-0.073241,0.29908,0.088057,-0.95016,0.95231,0.0355,0.30305,0.13257,-0.10069,-0.1095
0.051084,-0.99603,-0.07285,0.29997,0.084879,-0.95016,0.95258,0.026685,0.30312,0.13258,-0.10075,-0.10964
0.042641,-0.9964,-0.073281,0.3005,0.082743,-0.95018,0.95283,0.018496,0.30295,0.13257,-0.10081,-0.10979
0.033341,-0.99676,-0.073209,0.30145,0.079868,-0.95013,0.9529,0.0096094,0.30314,0.13255,-0.10086,-0.10992
0.024774,-0.99703,-0.072952,0.30205,0.077029,-0.95018,0.95297,0.0015047,0.30306,0.13255,-0.10091,-0.11008
0.016028,-0.99721,-0.072861,0.30263,0.074291,-0.95021,0.95297,-0.0068194,0.30297,0.13254,-0.10097,-0.11022
0.0071206,-0.99733,-0.07274,0.30327,0.071469,-0.95022,0.95288,-0.015293,0.30296,0.13254,-0.10103,-0.11036
-0.0020241,-0.99732,-0.073083,0.30391,0.069012,-0.9502,0.9527,-0.024134,0.30296,0.13254,-0.10108,-0.11051
-0.010889,-0.99724,-0.073422,0.30412,0.066645,-0.9503,0.95257,-0.032677,0.30255,0.13255,-0.10115,-0.11065
-0.020279,-0.99709,-0.073485,0.30493,0.06383,-0.95023,0.95216,-0.041677,0.30275,0.13253,-0.10119,-0.11078
-0.029111,-0.99687,-0.073443,0.30548,0.061086,-0.95024,0.95175,-0.050098,0.30275,0.13255,-0.10125,-0.11093
-0.037462,-0.9966,-0.073358,0.30572,0.05846,-0.95033,0.95139,-0.058028,0.30249,0.13255,-0.10131,-0.11108
-0.046831,-0.99624,-0.072823,0.30641,0.055061,-0.95031,0.95075,-0.066818,0.30268,0.13256,-0.10135,-0.11121
-0.055493,-0.99577,-0.073252,0.30668,0.05282,-0.95035,0.95019,-0.075202,0.30245,0.13255,-0.1014,-0.11135
-0.06472,-0.99523,-0.073055,0.30726,0.049777,-0.95032,0.94942,-0.083952,0.30257,0.13257,-0.10146,-0.11151
-0.073031,-0.99464,-0.073203,0.30732,0.047384,-0.95043,0.9488,-0.091908,0.30221,0.13257,-0.10151,-0.11166
-0.082073,-0.99393,-0.073255,0.30774,0.044637,-0.95042,0.94792,-0.10055,0.30221,0.13259,-0.10157,-0.11181
-0.090877,-0.9932,-0.072737,0.30819,0.041405,-0.95042,0.94697,-0.10879,0.30234,0.13261,-0.10162,-0.11195
-0.099444,-0.99237,-0.072875,0.30835,0.038899,-0.95048,0.94606,-0.11699,0.30213,0.13262,-0.10168,-0.1121
-0.10867,-0.99139,-0.073018,0.30854,0.036188,-0.95052,0.94498,-0.12582,0.30195,0.13263,-0.10173,-0.11224
-0.1179,-0.99032,-0.073233,0.30893,0.033507,-0.95049,0.94375,-0.13469,0.30199,0.13265,-0.10178,-0.11238
-0.12666,-0.98927,-0.072752,0.30911,0.030327,-0.95054,0.94256,-0.14288,0.30195,0.13267,-0.10182,-0.11253
-0.13504,-0.98817,-0.072741,0.3092,0.02772,-0.95059,0.94136,-0.15086,0.3018,0.13269,-0.10187,-0.11267
-0.14437,-0.98682,-0.07316,0.30943,0.025204,-0.95059,0.9399,-0.15987,0.30171,0.13271,-0.10193,-0.11281
-0.15359,-0.98547,-0.072498,0.30989,0.021629,-0.95053,0.93828,-0.16846,0.30206,0.13274,-0.10198,-0.11295
-0.16167,-0.98415,-0.072837,0.30949,0.019522,-0.9507,0.93706,-0.17624,0.30143,0.13276,-0.10205,-0.1131
-0.17073,-0.98263,-0.072742,0.30973,0.016564,-0.95068,0.93537,-0.18484,0.30152,0.13278,-0.1021,-0.11324
-0.17972,-0.98108,-0.072046,0.31002,0.013021,-0.95064,0.93359,-0.19319,0.30181,0.13281,-0.10215,-0.11339
-0.18778,-0.97954,-0.072433,0.30947,0.010986,-0.95085,0.93218,-0.20096,0.30107,0.13283,-0.1022,-0.11352
-0.19699,-0.97777,-0.071818,0.30988,0.0074033,-0.95075,0.93015,-0.20954,0.30153,0.13286,-0.10225,-0.11367
-0.20614,-0.97584,-0.072373,0.30995,0.0050391,-0.95074,0.92814,-0.21841,0.30142,0.13288,-0.1023,-0.11381
-0.21509,-0.97391,-0.072414,0.30993,0.0022437,-0.95076,0.92611,-0.22694,0.30136,0.13292,-0.10235,-0.11395
-0.22264,-0.97222,-0.072217,0.30944,-0.00022864,-0.95092,0.92449,-0.23406,0.30089,0.13296,-0.1024,-0.1141
-0.23248,-0.96994,-0.071949,0.30971,-0.0037017,-0.95083,0.92197,-0.24333,0.30126,0.133,-0.10246,-0.11423
-0.24088,-0.96786,-0.07226,0.30935,-0.0059935,-0.95093,0.91994,-0.25141,0.30085,0.13303,-0.10252,-0.11438
-0.24971,-0.96562,-0.072201,0.30932,-0.0088908,-0.95092,0.91759,-0.25979,0.30091,0.13306,-0.10257,-0.1145
-0.258,-0.96346,-0.072,0.30892,-0.011656,-0.95102,0.91542,-0.26761,0.30064,0.13311,-0.10262,-0.11465
-0.26673,-0.96106,-0.072167,0.30882,-0.014296,-0.95101,0.91295,-0.27595,0.30061,0.13313,-0.10268,-0.11478
-0.27589,-0.95848,-0.072057,0.3089,-0.017424,-0.95094,0.9102,-0.28462,0.30088,0.13317,-0.10273,-0.11492
-0.28399,-0.95616,-0.071474,0.30816,-0.020432,-0.95111,0.90796,-0.29213,0.30046,0.13323,-0.10278,-0.11507
-0.29281,-0.95351,-0.071326,0.30799,-0.023432,-0.9511,0.90521,-0.30046,0.30053,0.13328,-0.10282,-0.1152
-0.30204,-0.95063,-0.071176,0.30822,-0.026731,-0.95094,0.90209,-0.30916,0.30108,0.13332,-0.10287,-0.11534
-0.31025,-0.94797,-0.071382,0.30747,-0.029007,-0.95112,0.89956,-0.31703,0.30047,0.13337,-0.10292,-0.11547
-0.31894,-0.9451,-0.07115,0.30724,-0.03208,-0.95109,0.8966,-0.3252,0.3006,0.13342,-0.10296,-0.1156
-0.32712,-0.94231,-0.07103,0.30652,-0.034707,-0.95123,0.89389,-0.33294,0.30019,0.13347,-0.10302,-0.11574
-0.33594,-0.93924,-0.070506,0.30638,-0.038183,-0.95114,0.89066,-0.34113,0.30059,0.13351,-0.10307,-0.11587
-0.34424,-0.93626,-0.070161,0.30571,-0.041119,-0.95124,0.88772,-0.3489,0.30038,0.13357,-0.10311,-0.116
-0.3526,-0.93313,-0.070284,0.30519,-0.04367,-0.95129,0.88461,-0.35688,0.30018,0.13362,-0.10316,-0.11614
-0.3613,-0.92979,-0.0703,0.30486,-0.046541,-0.95126,0.8812,-0.36512,0.30027,0.13367,-0.10321,-0.11627
-0.36931,-0.92662,-0.070557,0.30388,-0.048662,-0.95147,0.87822,-0.37283,0.29955,0.13373,-0.10327,-0.11641
-0.37821,-0.92302,-0.070674,0.30375,-0.051619,-0.95135,0.87447,-0.38128,0.29989,0.13378,-0.10332,-0.11653
-0.38597,-0.9198,-0.070744,0.30253,-0.053758,-0.95162,0.87149,-0.3887,0.29902,0.13385,-0.10337,-0.11668
-0.3947,-0.91614,-0.06993,0.30242,-0.057671,-0.95143,0.86761,-0.39668,0.29983,0.13389,-0.10341,-0.11681
-0.40258,-0.91271,-0.069879,0.30141,-0.06009,-0.9516,0.86434,-0.40416,0.29929,0.13395,-0.10347,-0.11694
-0.4113,-0.90885,-0.069457,0.301,-0.063501,-0.95151,0.86037,-0.41226,0.29968,0.13402,-0.10351,-0.11707
-0.41925,-0.90518,-0.069905,0.29994,-0.065423,-0.95171,0.85689,-0.41997,0.29893,0.13407,-0.10356,-0.11721
-0.42759,-0.90131,-0.069395,0.29941,-0.068773,-0.95164,0.85295,-0.42769,0.29927,0.13414,-0.10362,-0.11734
-0.43557,-0.89748,-0.06932,0.29859,-0.071401,-0.95171,0.84919,-0.43523,0.29908,0.13419,-0.10366,-0.11747
-0.44402,-0.89334,-0.069218,0.29799,-0.074378,-0.95167,0.84501,-0.44319,0.29924,0.13426,-0.10371,-0.1176
-0.45187,-0.88944,-0.068708,0.29674,-0.077228,-0.95183,0.84129,-0.45049,0.29883,0.13431,-0.10375,-0.11773
-0.45982,-0.88534,-0.068776,0.29595,-0.079764,-0.95187,0.83724,-0.45805,0.29869,0.13437,-0.1038,-0.11786
-0.46818,-0.88098,-0.068371,0.29539,-0.083113,-0.95176,0.8328,-0.46579,0.29914,0.13444,-0.10384,-0.118
-0.47584,-0.87688,-0.06832,0.29416,-0.085457,-0.95193,0.82889,-0.47306,0.2986,0.1345,-0.1039,-0.11815
-0.48392,-0.87244,-0.068338,0.29335,-0.088149,-0.95193,0.82448,-0.4807,0.29859,0.13455,-0.10395,-0.11829
-0.49137,-0.86829,-0.068015,0.29183,-0.090559,-0.95218,0.82061,-0.48772,0.29789,0.13461,-0.10399,-0.11844
-0.49945,-0.86369,-0.067819,0.29118,-0.093621,-0.95208,0.81595,-0.49526,0.29825,0.13466,-0.10404,-0.11858
-0.50746,-0.85902,-0.067617,0.29038,-0.096603,-0.95202,0.81127,-0.50274,0.29847,0.13471,-0.10408,-0.11873
-0.51517,-0.85441,-0.06772,0.28917,-0.09889,-0.95215,0.80683,-0.5101,0.29802,0.13477,-0.10413,-0.11887
-0.52271,-0.84987,-0.067011,0.28794,-0.10202,-0.9522,0.80241,-0.51702,0.29804,0.13483,-0.10417,-0.11902
-0.53036,-0.84512,-0.066992,0.28655,-0.10433,-0.95237,0.79788,-0.52429,0.29751,0.13489,-0.10422,-0.11917
-0.538,-0.84032,-0.066522,0.28548,-0.10739,-0.95235,0.79313,-0.53135,0.29767,0.13495,-0.10426,-0.11931
-0.54565,-0.83539,-0.066281,0.2843,-0.11013,-0.95239,0.78831,-0.53852,0.2976,0.135,-0.10432,-0.11945
-0.55328,-0.83037,-0.06606,0.2831,-0.11286,-0.95243,0.78341,-0.54566,0.29753,0.13508,-0.10437,-0.11959
-0.56095,-0.82522,-0.06596,0.28201,-0.11557,-0.95243,0.77834,-0.55286,0.29755,0.13514,-0.10441,-0.11972
-0.56839,-0.82015,-0.065503,0.28051,-0.11833,-0.95253,0.77346,-0.55979,0.29732,0.13521,-0.10444,-0.11986
-0.57596,-0.81486,-0.065302,0.27936,-0.12112,-0.95252,0.76826,-0.56686,0.2974,0.13529,-0.10449,-0.11999
-0.58348,-0.8095,-0.065313,0.2778,-0.12337,-0.95268,0.76314,-0.57401,0.29687,0.13538,-0.10453,-0.12012
-0.59099,-0.80403,-0.065316,0.27659,-0.12591,-0.9527,0.75778,-0.5811,0.2968,0.13545,-0.10459,-0.12024
-0.59844,-0.79854,-0.064789,0.27534,-0.12905,-0.95265,0.75237,-0.58794,0.2971,0.13555,-0.10464,-0.12036
-0.60607,-0.79274,-0.065173,0.27437,-0.13145,-0.9526,0.74659,-0.59522,0.29717,0.13562,-0.10468,-0.12048
-0.6133,-0.7872,-0.064609,0.2728,-0.13435,-0.95265,0.74125,-0.60188,0.29714,0.13571,-0.10473,-0.12061
-0.62073,-0.78135,-0.064756,0.27142,-0.13667,-0.95271,0.73554,-0.60895,0.29691,0.13579,-0.10477,-0.12073
-0.62802,-0.77551,-0.064644,0.27009,-0.13931,-0.9527,0.72982,-0.61578,0.29695,0.13587,-0.1048,-0.12085
-0.63522,-0.76965,-0.064287,0.26831,-0.14186,-0.95283,0.72423,-0.6225,0.29662,0.13597,-0.10482,-0.12097
-0.64235,-0.76372,-0.064172,0.26691,-0.14443,-0.95284,0.71843,-0.62918,0.29662,0.13607,-0.10487,-0.12109
-0.64963,-0.75753,-0.064242,0.26566,-0.14702,-0.95279,0.71232,-0.63603,0.29676,0.13616,-0.10491,-0.1212
-0.65668,-0.75145,-0.063888,0.26444,-0.1501,-0.95265,0.70628,-0.64248,0.29728,0.13625,-0.10496,-0.1213
-0.66368,-0.74529,-0.063857,0.26265,-0.15226,-0.9528,0.70039,-0.64913,0.2968,0.13634,-0.105,-0.12143
-0.67064,-0.73898,-0.064363,0.26115,-0.15401,-0.95293,0.69429,-0.65589,0.29627,0.13643,-0.10505,-0.12155
-0.67747,-0.73277,-0.063928,0.25964,-0.15692,-0.95287,0.6882,-0.66214,0.29657,0.13653,-0.10508,-0.12167
-0.68444,-0.72626,-0.063993,0.25802,-0.15919,-0.95293,0.68189,-0.66874,0.29634,0.13663,-0.10512,-0.12178
-0.69114,-0.71987,-0.064085,0.25726,-0.16218,-0.95264,0.67539,-0.67489,0.29728,0.13672,-0.10515,-0.12188
-0.6978,-0.71344,-0.063961,0.25576,-0.16475,-0.9526,0.66908,-0.68108,0.29743,0.13682,-0.1052,-0.12199
-0.70444,-0.70686,-0.06407,0.25412,-0.1669,-0.95266,0.66271,-0.68738,0.2972,0.13692,-0.10523,-0.12211
-0.71088,-0.70036,-0.06441,0.25307,-0.16927,-0.95253,0.65621,-0.69343,0.29757,0.137,-0.10527,-0.12223
-0.71731,-0.69373,-0.064881,0.25177,-0.17124,-0.95252,0.64968,-0.69958,0.29749,0.1371,-0.10531,-0.12234
-0.72388,-0.68682,-0.065424,0.25076,-0.17357,-0.95236,0.64274,-0.7058,0.29787,0.13726,-0.10536,-0.12239
-0.73002,-0.68027,-0.065593,0.25044,-0.17699,-0.95182,0.63588,-0.71128,0.29957,0.13736,-0.10539,-0.12247
-0.73602,-0.67373,-0.066001,0.24956,-0.17941,-0.9516,0.62928,-0.71687,0.30018,0.13746,-0.10543,-0.12258
-0.74206,-0.66699,-0.066885,0.24862,-0.18118,-0.95151,0.62253,-0.7227,0.30027,0.13756,-0.10545,-0.1227
-0.7478,-0.66047,-0.067638,0.24792,-0.18329,-0.95128,0.6159,-0.72814,0.30081,0.13765,-0.10546,-0.12281
-0.75359,-0.65382,-0.068044,0.24678,-0.18545,-0.95116,0.60927,-0.73357,0.3011,0.13776,-0.10548,-0.12292
-0.75917,-0.64722,-0.069024,0.24614,-0.1873,-0.95097,0.60255,-0.73894,0.30149,0.13786,-0.10549,-0.12303
-0.76482,-0.64045,-0.06979,0.24555,-0.18965,-0.95065,0.59561,-0.74421,0.30231,0.13802,-0.10551,-0.12308
-0.77009,-0.63404,-0.070414,0.24513,-0.1922,-0.95025,0.58896,-0.74903,0.30344,0.13814,-0.10552,-0.12317
-0.77607,-0.62672,-0.070299,0.24261,-0.1938,-0.95057,0.58212,-0.75476,0.30245,0.13827,-0.10553,-0.12328
-0.78182,-0.61955,-0.070151,0.24042,-0.19573,-0.95073,0.57529,-0.76016,0.30198,0.13839,-0.10553,-0.12339
-0.78732,-0.61251,-0.070382,0.23864,-0.1975,-0.95081,0.56848,-0.76539,0.30166,0.13851,-0.10554,-0.12351
-0.79256,-0.60568,-0.070674,0.23727,-0.19955,-0.95073,0.56174,-0.77028,0.30187,0.13862,-0.10554,-0.12363
-0.79786,-0.59867,-0.070806,0.23567,-0.20165,-0.95068,0.55487,-0.7752,0.30197,0.13875,-0.10554,-0.12373
-0.80269,-0.59208,-0.071679,0.23484,-0.2033,-0.95054,0.54822,-0.77982,0.30222,0.13886,-0.10555,-0.12382
-0.80768,-0.58518,-0.072187,0.23352,-0.20506,-0.95048,0.5414,-0.78455,0.30227,0.13899,-0.10556,-0.12391
-0.81243,-0.57848,-0.073007,0.2326,-0.20673,-0.95035,0.53466,-0.78907,0.30251,0.1391,-0.10556,-0.12401
-0.81708,-0.57183,-0.073446,0.23152,-0.20878,-0.95016,0.528,-0.79336,0.30298,0.13922,-0.10558,-0.12411
-0.82195,-0.56482,-0.073257,0.22982,-0.21122,-0.95004,0.52113,-0.79772,0.30342,0.13935,-0.10559,-0.12421
-0.82679,-0.5576,-0.074098,0.22815,-0.21201,-0.95026,0.51416,-0.80258,0.30251,0.13947,-0.1056,-0.1243
-0.83195,-0.5499,-0.073949,0.22579,-0.21378,-0.95043,0.50684,-0.80741,0.30202,0.13961,-0.10562,-0.1244
-0.83678,-0.5425,-0.074044,0.22367,-0.21526,-0.9506,0.49976,-0.81201,0.30146,0.13974,-0.10563,-0.1245
-0.84194,-0.53448,-0.073952,0.22093,-0.21644,-0.95097,0.49227,-0.817,0.30031,0.13986,-0.10565,-0.1246
-0.84706,-0.52649,-0.072773,0.21877,-0.22059,-0.95052,0.48438,-0.82107,0.30203,0.14008,-0.1057,-0.12452
-0.8519,-0.51865,-0.072587,0.21603,-0.22175,-0.95087,0.47707,-0.82573,0.30095,0.14018,-0.10572,-0.12466
-0.85654,-0.51091,-0.072864,0.21385,-0.22289,-0.9511,0.46968,-0.83024,0.30017,0.14031,-0.10573,-0.12475
-0.86104,-0.50337,-0.07234,0.21168,-0.22542,-0.95099,0.46239,-0.83415,0.30064,0.14043,-0.10575,-0.12483
-0.86538,-0.4958,-0.072769,0.20994,-0.22685,-0.95103,0.45501,-0.83829,0.3004,0.14056,-0.10577,-0.12492
-0.86963,-0.48823,-0.073337,0.20808,-0.22775,-0.95122,0.44771,-0.84247,0.29965,0.14067,-0.10579,-0.125
-0.87386,-0.48063,-0.07325,0.20601,-0.22958,-0.95124,0.44038,-0.84634,0.29964,0.14079,-0.10581,-0.12509
-0.87804,-0.47291,-0.073532,0.204,-0.23084,-0.95137,0.43294,-0.85033,0.29916,0.14093,-0.10583,-0.12517
-0.88199,-0.46543,-0.073898,0.20233,-0.23236,-0.95135,0.42562,-0.85404,0.29911,0.14105,-0.10586,-0.12526
-0.88595,-0.45779,-0.074307,0.2004,-0.23339,-0.95151,0.41824,-0.85788,0.29852,0.14118,-0.10588,-0.12533
-0.88995,-0.44999,-0.074195,0.19815,-0.23498,-0.95159,0.41077,-0.86157,0.29828,0.1413,-0.1059,-0.12542
-0.8939,-0.44212,-0.074044,0.1959,-0.2367,-0.95163,0.4032,-0.86516,0.29819,0.14144,-0.10592,-0.12548
-0.89754,-0.43468,-0.073972,0.19394,-0.23851,-0.95158,0.39599,-0.86843,0.29838,0.14156,-0.10595,-0.12555
-0.90118,-0.42705,-0.074227,0.19222,-0.24024,-0.95149,0.3885,-0.87173,0.29858,0.14169,-0.10597,-0.12562
-0.90482,-0.41928,-0.074249,0.19005,-0.24161,-0.95158,0.38104,-0.87512,0.2983,0.14182,-0.106,-0.12569
-0.90842,-0.41139,-0.074413,0.18809,-0.2432,-0.95157,0.37337,-0.87841,0.29831,0.14195,-0.10602,-0.12576
-0.91205,-0.40329,-0.07433,0.18565,-0.24443,-0.95173,0.36566,-0.88182,0.2978,0.14208,-0.10604,-0.12583
-0.91577,-0.39479,-0.074252,0.18303,-0.24551,-0.95196,0.35759,-0.88536,0.29709,0.14222,-0.10606,-0.12589
-0.91886,-0.38739,-0.075,0.18158,-0.24638,-0.95201,0.35032,-0.88838,0.29673,0.14235,-0.10608,-0.12596
