0.25957,-0.91221,-0.31702,-0.058385,0.31285,-0.94801,0.96396,0.26458,0.027947,0.13674,-0.097637,-0.10587
0.25845,-0.91289,-0.31596,-0.057248,0.31202,-0.94835,0.96433,0.26319,0.028381,0.13669,-0.097567,-0.106
0.25333,-0.91353,-0.31825,-0.056566,0.31443,-0.94759,0.96572,0.25806,0.027979,0.13662,-0.097566,-0.10611
0.245,-0.91568,-0.3186,-0.0537,0.31529,-0.94747,0.96804,0.24924,0.028074,0.13655,-0.097559,-0.10621
0.23826,-0.91708,-0.31969,-0.051627,0.31674,-0.9471,0.96983,0.24216,0.028121,0.13649,-0.097551,-0.10634
0.23095,-0.91901,-0.31949,-0.049905,0.31675,-0.9472,0.97168,0.2347,0.027292,0.13645,-0.097544,-0.10648
0.22419,-0.92054,-0.31992,-0.047816,0.31749,-0.94706,0.97337,0.22762,0.027161,0.1364,-0.09754,-0.10662
0.21611,-0.92231,-0.32037,-0.04552,0.31825,-0.94691,0.97531,0.21922,0.026795,0.13636,-0.09755,-0.10676
0.20768,-0.92451,-0.31961,-0.042542,0.31789,-0.94717,0.97727,0.21031,0.02669,0.13633,-0.097549,-0.1069
0.2006,-0.92603,-0.31975,-0.040641,0.31823,-0.94714,0.97883,0.20299,0.026202,0.1363,-0.097564,-0.10706
0.19175,-0.9282,-0.31887,-0.037147,0.3178,-0.94743,0.98074,0.19351,0.026457,0.13627,-0.097568,-0.10719
0.18382,-0.9294,-0.32005,-0.034963,0.31921,-0.94704,0.98234,0.18527,0.026182,0.13625,-0.097568,-0.10733
0.17531,-0.93115,-0.31973,-0.031669,0.31926,-0.94714,0.984,0.17617,0.026481,0.13623,-0.097572,-0.10747
0.16698,-0.93263,-0.31988,-0.029152,0.31963,-0.94709,0.98553,0.16747,0.026183,0.1362,-0.097574,-0.10763
0.15837,-0.93425,-0.31954,-0.025756,0.3196,-0.9472,0.98704,0.15823,0.026551,0.13618,-0.097574,-0.10777
0.15066,-0.93539,-0.31993,-0.023873,0.32008,-0.94709,0.9883,0.15033,0.025895,0.13615,-0.097577,-0.10792
0.14148,-0.93691,-0.31968,-0.020532,0.32008,-0.94717,0.98973,0.14057,0.026048,0.13613,-0.097579,-0.10806
0.13318,-0.93797,-0.32013,-0.017755,0.3207,-0.94702,0.99093,0.13181,0.026058,0.13611,-0.097583,-0.10821
0.12503,-0.93912,-0.32003,-0.015041,0.32073,-0.94705,0.99204,0.12322,0.025974,0.13609,-0.097592,-0.10836
0.1168,-0.9401,-0.32025,-0.01231,0.32107,-0.94698,0.99308,0.11455,0.025928,0.13607,-0.097594,-0.10851
0.10781,-0.9412,-0.3202,-0.009034,0.32113,-0.94699,0.99413,0.10499,0.026118,0.13605,-0.097596,-0.10865
0.10008,-0.9421,-0.32005,-0.0065681,0.32103,-0.94705,0.99496,0.096878,0.02594,0.13603,-0.097602,-0.10881
0.091549,-0.94319,-0.31939,-0.0035608,0.32042,-0.94727,0.99579,0.087859,0.025976,0.13602,-0.097605,-0.10896
0.082805,-0.9439,-0.31969,-0.00057739,0.32075,-0.94716,0.99657,0.078615,0.026015,0.13601,-0.09762,-0.10911
0.07466,-0.94442,-0.32015,0.0019445,0.32118,-0.94702,0.99721,0.070082,0.025816,0.13601,-0.09763,-0.10926
0.065544,-0.94509,-0.32017,0.00519,0.32117,-0.94701,0.99784,0.060409,0.025956,0.136,-0.09764,-0.10941
0.057016,-0.94567,-0.32008,0.0080771,0.32103,-0.94703,0.99834,0.051411,0.025942,0.13598,-0.09764,-0.10955
0.048459,-0.94609,-0.32025,0.010985,0.32111,-0.94698,0.99876,0.042371,0.025953,0.13597,-0.097647,-0.1097
0.040248,-0.94655,-0.32004,0.013676,0.32079,-0.94705,0.9991,0.03374,0.025856,0.13598,-0.097666,-0.10986
0.031794,-0.94689,-0.31997,0.016767,0.3206,-0.94707,0.99935,0.024746,0.02607,0.13596,-0.097664,-0.11
0.022877,-0.94711,-0.32009,0.0196,0.32054,-0.94703,0.99955,0.015391,0.025896,0.13596,-0.097675,-0.11016
0.014901,-0.94728,-0.32005,0.021983,0.32032,-0.94705,0.99965,0.0070768,0.025597,0.13595,-0.09768,-0.11032
0.0065793,-0.94727,-0.32036,0.024629,0.32042,-0.94696,0.99967,-0.0016599,0.025439,0.13595,-0.09769,-0.11047
-0.0020782,-0.94747,-0.31985,0.027997,0.31967,-0.94712,0.99961,-0.010923,0.025862,0.13596,-0.097707,-0.11062
-0.010378,-0.94743,-0.3198,0.030682,0.31936,-0.94714,0.99948,-0.019642,0.025755,0.13596,-0.09771,-0.11077
-0.018966,-0.94727,-0.31989,0.033204,0.31917,-0.94711,0.99927,-0.028584,0.0254,0.13596,-0.097719,-0.11092
-0.028034,-0.94691,-0.32028,0.036522,0.31922,-0.94698,0.99894,-0.038245,0.025634,0.13597,-0.097738,-0.11107
-0.035858,-0.94681,-0.31979,0.039191,0.31842,-0.94714,0.99859,-0.046495,0.025689,0.13597,-0.097747,-0.11123
-0.044234,-0.94622,-0.32049,0.041839,0.31877,-0.94691,0.99814,-0.055295,0.025488,0.13598,-0.097749,-0.11137
-0.05365,-0.94582,-0.32023,0.04489,0.31808,-0.947,0.99755,-0.065182,0.025392,0.13599,-0.097763,-0.11153
-0.061578,-0.94523,-0.32054,0.047494,0.31801,-0.9469,0.99697,-0.073532,0.02531,0.136,-0.097767,-0.11168
-0.069885,-0.94488,-0.31988,0.050256,0.31692,-0.94712,0.99629,-0.082265,0.025338,0.13601,-0.097779,-0.11183
-0.078817,-0.94408,-0.32015,0.053116,0.31672,-0.94703,0.99547,-0.091648,0.025183,0.13602,-0.097801,-0.11198
-0.086654,-0.9433,-0.32043,0.055411,0.31657,-0.94695,0.9947,-0.099812,0.024837,0.13604,-0.097818,-0.11214
-0.094989,-0.94238,-0.32078,0.058064,0.31645,-0.94683,0.99378,-0.10856,0.024659,0.13606,-0.097834,-0.11229
-0.10442,-0.94165,-0.31999,0.061633,0.315,-0.94709,0.99262,-0.11862,0.025143,0.13607,-0.097848,-0.11242
-0.11213,-0.94074,-0.32006,0.064128,0.31456,-0.94707,0.99162,-0.12672,0.025054,0.13609,-0.097858,-0.11258
-0.1202,-0.93971,-0.32016,0.066581,0.31414,-0.94704,0.99051,-0.13515,0.024807,0.13611,-0.097877,-0.11274
-0.12989,-0.93849,-0.31994,0.070069,0.31318,-0.9471,0.98905,-0.14543,0.025081,0.13613,-0.097889,-0.11288
-0.13785,-0.93744,-0.31968,0.072505,0.31235,-0.9472,0.9878,-0.15375,0.02491,0.13615,-0.0979,-0.11303
-0.14576,-0.93626,-0.31965,0.074817,0.31175,-0.94721,0.98649,-0.16198,0.024609,0.13618,-0.09793,-0.11318
-0.1545,-0.93482,-0.31975,0.077785,0.31112,-0.94718,0.98493,-0.17121,0.024647,0.13619,-0.097938,-0.11332
-0.16329,-0.9333,-0.31982,0.080863,0.31042,-0.94715,0.98326,-0.18053,0.024779,0.13622,-0.097959,-0.11348
-0.17102,-0.93194,-0.31975,0.083378,0.30968,-0.94718,0.98173,-0.18864,0.024744,0.13625,-0.097977,-0.11363
-0.17913,-0.93035,-0.31993,0.085855,0.30917,-0.94712,0.98007,-0.19713,0.024493,0.13628,-0.097995,-0.11378
-0.18815,-0.92874,-0.31943,0.08914,0.30775,-0.94728,0.97809,-0.20671,0.024885,0.1363,-0.098015,-0.11392
-0.19597,-0.92701,-0.31975,0.091525,0.30736,-0.94718,0.97633,-0.21488,0.024612,0.13633,-0.098036,-0.11408
-0.20405,-0.92523,-0.31986,0.094015,0.3067,-0.94715,0.97444,-0.22333,0.024405,0.13635,-0.098049,-0.11422
-0.21305,-0.92328,-0.31964,0.096885,0.30558,-0.94723,0.97223,-0.23277,0.02435,0.13639,-0.098066,-0.11437
-0.22161,-0.92143,-0.31916,0.10006,0.30409,-0.94738,0.96999,-0.24188,0.024807,0.13643,-0.098082,-0.11452
-0.2291,-0.91945,-0.31956,0.10205,0.30379,-0.94726,0.96804,-0.24963,0.024232,0.13647,-0.0981,-0.11467
-0.23783,-0.9172,-0.31964,0.10486,0.30292,-0.94723,0.96563,-0.2588,0.024131,0.13651,-0.098133,-0.11482
-0.24631,-0.91499,-0.31957,0.10768,0.30186,-0.94725,0.96319,-0.26773,0.024176,0.13654,-0.098148,-0.11496
-0.25408,-0.91291,-0.31943,0.10998,0.30086,-0.94731,0.96091,-0.27583,0.023955,0.13659,-0.098168,-0.11512
-0.26192,-0.91079,-0.31916,0.11261,0.2996,-0.9474,0.9585,-0.28408,0.024092,0.13663,-0.098186,-0.11526
-0.27046,-0.90815,-0.31954,0.1152,0.299,-0.94727,0.95581,-0.29301,0.023751,0.13667,-0.098206,-0.1154
-0.27854,-0.90578,-0.31935,0.11767,0.29781,-0.94734,0.95319,-0.30145,0.023629,0.13671,-0.098214,-0.11555
-0.28658,-0.90327,-0.31932,0.12032,0.29673,-0.94735,0.95047,-0.30991,0.023644,0.13677,-0.098236,-0.11569
-0.29512,-0.90056,-0.31922,0.12309,0.29548,-0.94738,0.9475,-0.31889,0.02365,0.13681,-0.098259,-0.11583
-0.30317,-0.898,-0.31887,0.12566,0.29402,-0.9475,0.94462,-0.32732,0.0237,0.13686,-0.098274,-0.11597
-0.31015,-0.8956,-0.31892,0.12729,0.29332,-0.9475,0.94213,-0.33446,0.023029,0.1369,-0.098301,-0.11612
-0.31953,-0.89242,-0.31858,0.13102,0.29137,-0.9476,0.93847,-0.34453,0.023821,0.13694,-0.098318,-0.11625
-0.32728,-0.88941,-0.31913,0.13337,0.29087,-0.94742,0.93547,-0.35263,0.023431,0.13699,-0.098348,-0.11639
-0.33513,-0.88665,-0.31864,0.13596,0.28915,-0.94758,0.93231,-0.36088,0.023643,0.13705,-0.098381,-0.11654
-0.3428,-0.88366,-0.31879,0.13794,0.28833,-0.94754,0.92923,-0.36879,0.023053,0.1371,-0.0984,-0.11669
-0.35135,-0.88044,-0.3184,0.14091,0.28648,-0.94767,0.92558,-0.37783,0.023408,0.13717,-0.098432,-0.11683
-0.35926,-0.87714,-0.31868,0.14344,0.28552,-0.94758,0.92215,-0.38614,0.023243,0.13721,-0.098448,-0.11695
-0.36665,-0.87423,-0.31827,0.14558,0.28396,-0.94772,0.9189,-0.39382,0.023152,0.13727,-0.098474,-0.1171
-0.37507,-0.87055,-0.31854,0.14827,0.28286,-0.94763,0.91506,-0.40266,0.022982,0.13731,-0.098496,-0.11723
-0.38302,-0.86716,-0.31831,0.15114,0.28112,-0.9477,0.91129,-0.41109,0.023389,0.13738,-0.098533,-0.11737
-0.39094,-0.86372,-0.31806,0.15348,0.27955,-0.94778,0.90753,-0.41934,0.023279,0.13743,-0.098558,-0.1175
-0.39859,-0.86017,-0.31818,0.15569,0.27843,-0.94775,0.90382,-0.4273,0.022945,0.1375,-0.098587,-0.11765
-0.40633,-0.85668,-0.3178,0.15805,0.27667,-0.94788,0.89995,-0.43538,0.022983,0.13756,-0.098617,-0.11778
-0.41407,-0.85307,-0.31752,0.16072,0.27483,-0.94796,0.89595,-0.44355,0.023303,0.13762,-0.098636,-0.11792
-0.42118,-0.84946,-0.31784,0.1624,0.27414,-0.94788,0.89232,-0.45085,0.022494,0.13769,-0.098659,-0.11807
-0.42943,-0.84562,-0.31704,0.16547,0.27145,-0.94812,0.88781,-0.45961,0.023359,0.13774,-0.098683,-0.11819
-0.43665,-0.84167,-0.31769,0.16711,0.2711,-0.94793,0.88397,-0.467,0.022279,0.1378,-0.098713,-0.11833
-0.44471,-0.8375,-0.31754,0.17019,0.26906,-0.94797,0.87936,-0.47561,0.022879,0.13786,-0.098734,-0.11845
-0.45187,-0.83363,-0.3176,0.17179,0.26804,-0.94797,0.87538,-0.48292,0.02209,0.13794,-0.098787,-0.1186
-0.45968,-0.82935,-0.3176,0.17439,0.26637,-0.94796,0.87079,-0.49115,0.022189,0.13801,-0.098805,-0.11873
-0.46739,-0.82517,-0.31724,0.17695,0.26426,-0.94808,0.86616,-0.49925,0.022503,0.13808,-0.09882,-0.11886
-0.47425,-0.82138,-0.3169,0.17849,0.26278,-0.9482,0.86211,-0.50625,0.021981,0.13815,-0.098847,-0.11899
-0.48209,-0.81691,-0.31661,0.18123,0.26058,-0.94829,0.85717,-0.51454,0.02243,0.13823,-0.098876,-0.11914
-0.48938,-0.81248,-0.31684,0.18324,0.25941,-0.94823,0.8526,-0.5221,0.021934,0.1383,-0.098898,-0.11927
-0.49693,-0.80802,-0.31648,0.18568,0.25725,-0.94834,0.84769,-0.53002,0.022201,0.13838,-0.098939,-0.11941
-0.50389,-0.80389,-0.31598,0.18751,0.25529,-0.94851,0.84317,-0.5372,0.022099,0.13845,-0.098965,-0.11955
-0.51155,-0.79893,-0.31626,0.19002,0.25376,-0.94842,0.83798,-0.54526,0.022002,0.13852,-0.098991,-0.11968
-0.5182,-0.7947,-0.31609,0.19136,0.25248,-0.94849,0.83358,-0.552,0.021234,0.13859,-0.099017,-0.11982
-0.52593,-0.78981,-0.3156,0.19442,0.2496,-0.94863,0.82801,-0.56027,0.022282,0.13866,-0.099038,-0.11996
-0.53249,-0.78538,-0.31564,0.19595,0.24839,-0.94863,0.82344,-0.56699,0.02163,0.13872,-0.099075,-0.1201
-0.53969,-0.78062,-0.31523,0.19816,0.24613,-0.94876,0.81821,-0.5745,0.021853,0.13879,-0.09911,-0.12025
-0.5466,-0.7757,-0.31545,0.19989,0.24495,-0.94871,0.81318,-0.58162,0.021168,0.13885,-0.099147,-0.12039
-0.55383,-0.77072,-0.31506,0.20244,0.2424,-0.94882,0.80764,-0.58927,0.021778,0.13892,-0.09918,-0.12054
-0.56055,-0.76594,-0.31484,0.2041,0.24068,-0.9489,0.80257,-0.59617,0.021418,0.13898,-0.099209,-0.12069
-0.56731,-0.76104,-0.31461,0.20579,0.23891,-0.94899,0.79738,-0.60311,0.021076,0.13905,-0.09924,-0.12083
-0.5741,-0.756,-0.31445,0.20781,0.23694,-0.94904,0.79198,-0.61019,0.021074,0.13911,-0.099271,-0.12097
-0.58098,-0.75084,-0.31417,0.20981,0.2348,-0.94913,0.78641,-0.61734,0.021123,0.13919,-0.099295,-0.12112
-0.5879,-0.74546,-0.31411,0.21213,0.23263,-0.94915,0.78062,-0.62464,0.02137,0.13926,-0.099323,-0.12126
-0.59448,-0.74033,-0.31387,0.21335,0.23112,-0.94924,0.77529,-0.63127,0.020554,0.13935,-0.099359,-0.12142
-0.60129,-0.73487,-0.31372,0.21535,0.22905,-0.9493,0.76946,-0.63836,0.020528,0.13944,-0.099399,-0.12153
-0.6083,-0.72922,-0.31338,0.21824,0.22595,-0.94938,0.76312,-0.64589,0.0217,0.1395,-0.099435,-0.12165
-0.61494,-0.72373,-0.31314,0.21992,0.22395,-0.94946,0.75729,-0.65273,0.021444,0.13958,-0.099473,-0.12177
-0.62147,-0.71826,-0.31284,0.22152,0.22192,-0.94957,0.75146,-0.65943,0.021192,0.13966,-0.099513,-0.12189
-0.62812,-0.71251,-0.31274,0.22341,0.21986,-0.94961,0.74536,-0.66633,0.021085,0.13975,-0.09955,-0.12202
-0.63475,-0.70663,-0.31267,0.22502,0.21806,-0.94964,0.73923,-0.67314,0.020592,0.13984,-0.099585,-0.12215
-0.64131,-0.70074,-0.31255,0.22706,0.21578,-0.94968,0.73292,-0.68,0.020726,0.13994,-0.099619,-0.12228
-0.64778,-0.69487,-0.31231,0.22864,0.21372,-0.94976,0.72671,-0.68664,0.020431,0.14004,-0.099652,-0.1224
-0.65421,-0.689,-0.31191,0.23029,0.21136,-0.94989,0.7204,-0.69326,0.020398,0.14014,-0.099687,-0.12251
-0.66061,-0.68306,-0.3115,0.2319,0.20897,-0.95003,0.71402,-0.69983,0.020355,0.14023,-0.099733,-0.12262
-0.66706,-0.6768,-0.3114,0.23375,0.20674,-0.95006,0.70738,-0.70654,0.020289,0.14032,-0.099765,-0.12272
-0.67343,-0.67074,-0.3108,0.23508,0.2043,-0.95026,0.70088,-0.713,0.020093,0.14043,-0.099809,-0.12283
-0.67976,-0.66421,-0.31103,0.23743,0.20195,-0.95018,0.69393,-0.71975,0.020428,0.14053,-0.099836,-0.12295
-0.68594,-0.65801,-0.31067,0.23905,0.19948,-0.9503,0.68727,-0.72611,0.020461,0.14064,-0.099875,-0.12308
-0.69224,-0.65146,-0.3105,0.24037,0.19755,-0.95037,0.68046,-0.73252,0.019835,0.14075,-0.099915,-0.12319
-0.69838,-0.64503,-0.31016,0.24161,0.19545,-0.95049,0.67371,-0.73874,0.019346,0.14085,-0.099955,-0.1233
-0.70446,-0.63869,-0.30953,0.24311,0.1926,-0.95069,0.66681,-0.74497,0.019588,0.14095,-0.099991,-0.12341
-0.71049,-0.63186,-0.30976,0.24515,0.19037,-0.95061,0.65962,-0.75134,0.019641,0.14105,-0.10003,-0.12351
-0.71657,-0.62494,-0.3098,0.24655,0.18854,-0.95061,0.65249,-0.75756,0.018978,0.14115,-0.10006,-0.12362
-0.72249,-0.61822,-0.30952,0.24813,0.18601,-0.9507,0.64532,-0.76368,0.01901,0.14125,-0.10009,-0.12374
-0.72835,-0.61158,-0.30899,0.24963,0.18313,-0.95087,0.63812,-0.7697,0.019288,0.14137,-0.10012,-0.12383
-0.73411,-0.60452,-0.30925,0.25202,0.18034,-0.95077,0.63053,-0.77591,0.019965,0.14149,-0.10016,-0.12392
-0.73979,-0.59762,-0.30912,0.25351,0.17798,-0.95082,0.62325,-0.78177,0.019835,0.14161,-0.1002,-0.12403
-0.74546,-0.59038,-0.30942,0.25533,0.17587,-0.95072,0.6157,-0.78774,0.019641,0.14173,-0.10022,-0.12414
-0.75096,-0.58328,-0.30959,0.25709,0.1736,-0.95067,0.60825,-0.79351,0.019584,0.14183,-0.10024,-0.12426
-0.7565,-0.57628,-0.3092,0.25861,0.17065,-0.95079,0.60069,-0.79924,0.019932,0.14196,-0.10025,-0.12435
-0.76181,-0.56909,-0.3095,0.26085,0.16784,-0.95068,0.59297,-0.80496,0.02058,0.1421,-0.10026,-0.12443
-0.76716,-0.562,-0.30922,0.26205,0.16541,-0.95077,0.58549,-0.81043,0.020378,0.14222,-0.10025,-0.12455
-0.77224,-0.55476,-0.30965,0.26398,0.16316,-0.95063,0.57789,-0.81586,0.020446,0.14234,-0.10024,-0.12466
-0.77723,-0.54735,-0.31036,0.26588,0.16136,-0.95041,0.57028,-0.8212,0.020113,0.14246,-0.10024,-0.12478
-0.78208,-0.5403,-0.31052,0.26762,0.15879,-0.95035,0.56278,-0.82635,0.020407,0.14259,-0.10024,-0.1249
-0.78685,-0.53299,-0.31112,0.27005,0.15593,-0.95013,0.55493,-0.83163,0.021239,0.14275,-0.10025,-0.12494
-0.79126,-0.52626,-0.31139,0.27221,0.15284,-0.95002,0.54755,-0.83647,0.022318,0.14287,-0.10025,-0.12506
-0.79572,-0.51901,-0.31219,0.27421,0.15088,-0.94976,0.54004,-0.84135,0.022258,0.14299,-0.10025,-0.12517
-0.79983,-0.51219,-0.31296,0.27654,0.14831,-0.94949,0.53273,-0.84597,0.023025,0.14309,-0.10025,-0.12526
-0.80397,-0.50518,-0.31372,0.2786,0.14611,-0.94923,0.52537,-0.85056,0.023274,0.14322,-0.10026,-0.12536
-0.80803,-0.49824,-0.31439,0.28072,0.14355,-0.94899,0.51796,-0.85507,0.023873,0.14333,-0.10028,-0.12545
-0.81174,-0.49138,-0.31562,0.28316,0.14151,-0.94858,0.51078,-0.85937,0.024266,0.14345,-0.10029,-0.12554
-0.8159,-0.4842,-0.31601,0.28474,0.13919,-0.94845,0.50322,-0.86381,0.024304,0.14356,-0.10031,-0.12563
-0.82049,-0.47643,-0.31594,0.28586,0.13668,-0.94847,0.49506,-0.86852,0.024049,0.14374,-0.10034,-0.12566
-0.8245,-0.46933,-0.31611,0.28745,0.13379,-0.9484,0.48741,-0.87283,0.024601,0.14384,-0.10038,-0.12574
-0.8288,-0.46169,-0.31613,0.28837,0.13175,-0.94841,0.47952,-0.87721,0.023944,0.14397,-0.10039,-0.12585
-0.83238,-0.45487,-0.31661,0.29013,0.1291,-0.94824,0.4722,-0.88115,0.024518,0.14408,-0.10041,-0.12594
-0.8358,-0.44814,-0.3172,0.29195,0.12653,-0.94803,0.46498,-0.88496,0.025082,0.1442,-0.10044,-0.12602
-0.83934,-0.4409,-0.318,0.29368,0.12448,-0.94776,0.45746,-0.88888,0.025001,0.14433,-0.10046,-0.1261
-0.84256,-0.43425,-0.31862,0.29549,0.1219,-0.94754,0.45031,-0.89251,0.025612,0.14444,-0.10049,-0.12618
-0.84642,-0.42635,-0.31906,0.29648,0.12042,-0.94742,0.44235,-0.89651,0.02448,0.14458,-0.10051,-0.12625
-0.84995,-0.41923,-0.3191,0.29768,0.1176,-0.94739,0.4347,-0.90023,0.024838,0.14471,-0.10054,-0.12634
-0.85385,-0.41116,-0.31921,0.29839,0.11584,-0.94739,0.42651,-0.90417,0.023776,0.14485,-0.10057,-0.12642
-0.85773,-0.4032,-0.31893,0.29899,0.11341,-0.94749,0.4182,-0.90806,0.023279,0.14498,-0.10059,-0.12651
-0.86129,-0.39566,-0.3188,0.29993,0.11058,-0.94753,0.41015,-0.91172,0.023426,0.14512,-0.10063,-0.12659
-0.86525,-0.38709,-0.3186,0.30031,0.10869,-0.94763,0.40145,-0.91561,0.022199,0.14526,-0.10066,-0.12666
-0.86883,-0.37905,-0.31852,0.30137,0.10554,-0.94765,0.39282,-0.91934,0.022536,0.14543,-0.10073,-0.12662
-0.87266,-0.37052,-0.31809,0.30169,0.10314,-0.94781,0.38399,-0.92308,0.021778,0.14551,-0.10078,-0.12672
-0.87585,-0.36286,-0.31815,0.30261,0.1006,-0.94779,0.37592,-0.9264,0.021692,0.14564,-0.1008,-0.12679
-0.87884,-0.35556,-0.31816,0.30359,0.097697,-0.94778,0.36808,-0.92953,0.022085,0.14577,-0.10083,-0.12687
-0.88192,-0.34778,-0.31823,0.30444,0.095238,-0.94776,0.35992,-0.93273,0.021884,0.1459,-0.10086,-0.12694
-0.88493,-0.33985,-0.31844,0.30525,0.093166,-0.9477,0.35175,-0.93585,0.021295,0.14602,-0.1009,-0.12701
-0.88781,-0.33221,-0.31848,0.30609,0.090503,-0.94769,0.34366,-0.93885,0.021339,0.14615,-0.10093,-0.12707
-0.89059,-0.32464,-0.31853,0.30696,0.087754,-0.94767,0.3356,-0.94176,0.021496,0.14629,-0.10096,-0.12714
