-0.65889,0.65129,-0.37641,0.71554,0.38822,-0.58077,-0.23212,-0.652,-0.72182,-0.024012,0.076755,-0.19243
-0.65889,0.65123,-0.37652,0.71554,0.38813,-0.58083,-0.23212,-0.65211,-0.72171,-0.024012,0.076755,-0.19243
-0.65912,0.65119,-0.37618,0.7153,0.38841,-0.58093,-0.23218,-0.65199,-0.72181,-0.024011,0.076756,-0.19243
-0.65889,0.65129,-0.37641,0.71554,0.38822,-0.58077,-0.23212,-0.652,-0.72182,-0.024012,0.076755,-0.19243
-0.65904,0.65131,-0.37611,0.71529,0.38822,-0.58107,-0.23244,-0.65198,-0.72173,-0.024009,0.076755,-0.19243
-0.6588,0.6513,-0.37655,0.71553,0.38784,-0.58103,-0.23238,-0.65222,-0.72153,-0.024009,0.076753,-0.19243
-0.6588,0.65135,-0.37645,0.71553,0.38794,-0.58097,-0.23238,-0.65211,-0.72164,-0.024011,0.076753,-0.19243
-0.65904,0.65131,-0.37611,0.71529,0.38822,-0.58107,-0.23244,-0.65198,-0.72173,-0.024009,0.076755,-0.19243
-0.65904,0.65132,-0.37611,0.71529,0.38822,-0.58107,-0.23245,-0.65197,-0.72173,-0.024008,0.076755,-0.19243
-0.6588,0.65126,-0.37661,0.71553,0.38779,-0.58107,-0.23238,-0.65228,-0.72148,-0.024011,0.076753,-0.19243
-0.6588,0.65126,-0.37661,0.71553,0.38779,-0.58107,-0.23238,-0.65228,-0.72148,-0.024011,0.076753,-0.19243
-0.65912,0.65116,-0.37623,0.7153,0.38837,-0.58097,-0.23218,-0.65205,-0.72175,-0.024011,0.076757,-0.19243
-0.65912,0.65116,-0.37623,0.7153,0.38837,-0.58097,-0.23218,-0.65205,-0.72175,-0.024011,0.076757,-0.19243
-0.659,0.65119,-0.37639,0.71542,0.38822,-0.58091,-0.23216,-0.6521,-0.72171,-0.024009,0.076756,-0.19243
-0.65888,0.65121,-0.37656,0.71554,0.38808,-0.58086,-0.23213,-0.65216,-0.72166,-0.02401,0.076755,-0.19243
-0.65888,0.65121,-0.37656,0.71554,0.38809,-0.58086,-0.23212,-0.65216,-0.72167,-0.02401,0.076757,-0.19243
-0.65912,0.65117,-0.37622,0.7153,0.38837,-0.58097,-0.23219,-0.65204,-0.72176,-0.024008,0.076757,-0.19243
-0.65912,0.65116,-0.37623,0.7153,0.38837,-0.58097,-0.23218,-0.65205,-0.72175,-0.024011,0.076757,-0.19243
-0.65912,0.65117,-0.37622,0.7153,0.38837,-0.58097,-0.23219,-0.65204,-0.72176,-0.024008,0.076757,-0.19243
-0.65888,0.65121,-0.37656,0.71554,0.38809,-0.58086,-0.23212,-0.65216,-0.72167,-0.02401,0.076757,-0.19243
-0.65888,0.65121,-0.37656,0.71554,0.38808,-0.58086,-0.23213,-0.65216,-0.72166,-0.02401,0.076755,-0.19243
-0.65912,0.65117,-0.37622,0.7153,0.38837,-0.58097,-0.23219,-0.65204,-0.72176,-0.024008,0.076757,-0.19243
-0.65888,0.65121,-0.37656,0.71554,0.38808,-0.58086,-0.23213,-0.65216,-0.72166,-0.02401,0.076755,-0.19243
-0.65888,0.65121,-0.37657,0.71554,0.38808,-0.58086,-0.23212,-0.65217,-0.72166,-0.024011,0.076755,-0.19243
-0.65912,0.65116,-0.37623,0.7153,0.38837,-0.58097,-0.23219,-0.65204,-0.72175,-0.02401,0.076757,-0.19243
-0.65912,0.65116,-0.37623,0.7153,0.38837,-0.58097,-0.23219,-0.65204,-0.72175,-0.02401,0.076757,-0.19243
-0.65912,0.65117,-0.37622,0.7153,0.38837,-0.58097,-0.23219,-0.65204,-0.72176,-0.024008,0.076756,-0.19243
-0.65888,0.65121,-0.37656,0.71554,0.38808,-0.58086,-0.23213,-0.65216,-0.72166,-0.024009,0.076754,-0.19243
-0.65888,0.65121,-0.37657,0.71554,0.38808,-0.58086,-0.23212,-0.65217,-0.72166,-0.024011,0.076754,-0.19243
-0.65912,0.65116,-0.37623,0.7153,0.38837,-0.58097,-0.23219,-0.65204,-0.72175,-0.024009,0.076756,-0.19243
-0.65912,0.65116,-0.37623,0.7153,0.38837,-0.58097,-0.23219,-0.65204,-0.72175,-0.024009,0.076756,-0.19243
-0.65888,0.65121,-0.37657,0.71554,0.38808,-0.58086,-0.23212,-0.65217,-0.72166,-0.024011,0.076755,-0.19243
-0.65912,0.65116,-0.37623,0.7153,0.38837,-0.58097,-0.23219,-0.65204,-0.72175,-0.024009,0.076756,-0.19243
-0.65912,0.65116,-0.37623,0.7153,0.38837,-0.58097,-0.23219,-0.65204,-0.72175,-0.024009,0.076756,-0.19243
-0.65888,0.65121,-0.37657,0.71554,0.38808,-0.58086,-0.23212,-0.65217,-0.72166,-0.024011,0.076755,-0.19243
-0.65912,0.65117,-0.37622,0.7153,0.38837,-0.58097,-0.23219,-0.65204,-0.72176,-0.024008,0.076756,-0.19243
-0.65912,0.65116,-0.37623,0.7153,0.38837,-0.58097,-0.23219,-0.65204,-0.72175,-0.024009,0.076756,-0.19243
-0.65888,0.65121,-0.37656,0.71554,0.38808,-0.58086,-0.23213,-0.65216,-0.72166,-0.024009,0.076755,-0.19243
-0.65888,0.65121,-0.37656,0.71554,0.38808,-0.58086,-0.23213,-0.65216,-0.72166,-0.024009,0.076755,-0.19243
-0.65888,0.65121,-0.37656,0.71554,0.38808,-0.58086,-0.23213,-0.65216,-0.72166,-0.024009,0.076755,-0.19243
-0.65912,0.65116,-0.37623,0.7153,0.38837,-0.58097,-0.23219,-0.65204,-0.72175,-0.024009,0.076756,-0.19243
-0.65912,0.65116,-0.37623,0.7153,0.38837,-0.58097,-0.23219,-0.65204,-0.72175,-0.024009,0.076756,-0.19243
-0.65912,0.65116,-0.37623,0.7153,0.38837,-0.58097,-0.23219,-0.65204,-0.72175,-0.024009,0.076756,-0.19243
-0.65888,0.65121,-0.37657,0.71554,0.38808,-0.58086,-0.23212,-0.65217,-0.72166,-0.024011,0.076755,-0.19243
-0.65888,0.65121,-0.37657,0.71554,0.38808,-0.58086,-0.23212,-0.65217,-0.72166,-0.024011,0.076755,-0.19243
-0.65912,0.65116,-0.37623,0.7153,0.38837,-0.58097,-0.23219,-0.65204,-0.72175,-0.024009,0.076756,-0.19243
-0.65888,0.65122,-0.37656,0.71554,0.38808,-0.58086,-0.23213,-0.65216,-0.72167,-0.024008,0.076755,-0.19243
-0.65888,0.65122,-0.37656,0.71554,0.38808,-0.58086,-0.23213,-0.65216,-0.72167,-0.024008,0.076754,-0.19243
-0.65912,0.65117,-0.37622,0.7153,0.38837,-0.58097,-0.2322,-0.65203,-0.72176,-0.024006,0.076755,-0.19243
-0.65912,0.65117,-0.37622,0.7153,0.38837,-0.58097,-0.2322,-0.65203,-0.72176,-0.024006,0.076755,-0.19243
-0.65912,0.65116,-0.37623,0.7153,0.38837,-0.58097,-0.23219,-0.65204,-0.72175,-0.024009,0.076755,-0.19243
-0.65888,0.65121,-0.37657,0.71554,0.38808,-0.58086,-0.23212,-0.65217,-0.72166,-0.024011,0.076754,-0.19243
-0.659,0.65116,-0.37645,0.71542,0.3882,-0.58092,-0.23214,-0.65215,-0.72168,-0.024044,0.076762,-0.19242
-0.6593,0.6509,-0.37637,0.7152,0.38848,-0.58101,-0.23196,-0.65224,-0.72165,-0.024134,0.076779,-0.19241
-0.6594,0.65065,-0.37663,0.71511,0.38825,-0.58127,-0.23197,-0.65262,-0.7213,-0.024227,0.076803,-0.19239
-0.65963,0.65044,-0.37659,0.71489,0.38832,-0.5815,-0.23199,-0.65279,-0.72114,-0.024364,0.076829,-0.19237
-0.6599,0.65036,-0.37626,0.71455,0.38838,-0.58188,-0.2323,-0.65284,-0.721,-0.024463,0.076855,-0.19236
-0.65981,0.65033,-0.37646,0.71458,0.38808,-0.58204,-0.23242,-0.65305,-0.72077,-0.02451,0.07689,-0.19237
-0.65966,0.65024,-0.37688,0.71475,0.38775,-0.58205,-0.23234,-0.65333,-0.72054,-0.024566,0.076937,-0.19238
-0.65973,0.65025,-0.37673,0.71454,0.38751,-0.58246,-0.23276,-0.65346,-0.72029,-0.024614,0.076987,-0.1924
-0.65974,0.65051,-0.37626,0.71434,0.38737,-0.58281,-0.23338,-0.65328,-0.72025,-0.024642,0.077034,-0.19242
-0.65967,0.65054,-0.37633,0.71441,0.38732,-0.58275,-0.23334,-0.65328,-0.72026,-0.024675,0.077101,-0.19244
-0.65956,0.65055,-0.37652,0.71448,0.38703,-0.58286,-0.23345,-0.65345,-0.72007,-0.024706,0.077164,-0.19246
-0.65952,0.65053,-0.37663,0.71454,0.387,-0.58281,-0.23338,-0.65349,-0.72006,-0.024725,0.077217,-0.19247
-0.65959,0.65065,-0.37629,0.71435,0.38695,-0.58308,-0.23377,-0.65339,-0.72002,-0.024742,0.077263,-0.19248
-0.65947,0.65071,-0.3764,0.7144,0.38668,-0.58319,-0.23394,-0.65349,-0.71987,-0.024764,0.077314,-0.1925
-0.65943,0.6507,-0.37647,0.71448,0.38673,-0.58306,-0.23381,-0.65347,-0.71994,-0.024788,0.077374,-0.1925
-0.65948,0.65065,-0.37647,0.71442,0.3867,-0.58315,-0.23384,-0.65354,-0.71987,-0.024817,0.077426,-0.1925
-0.65947,0.65066,-0.37648,0.71439,0.38659,-0.58326,-0.23396,-0.6536,-0.71977,-0.024837,0.077495,-0.1925
-0.65951,0.65064,-0.37645,0.71434,0.38658,-0.58332,-0.234,-0.65363,-0.71973,-0.02486,0.077553,-0.1925
-0.65946,0.65072,-0.3764,0.71428,0.38632,-0.58358,-0.23434,-0.6537,-0.71955,-0.024876,0.077603,-0.1925
-0.65967,0.65064,-0.37617,0.71409,0.38655,-0.58365,-0.23434,-0.65364,-0.71961,-0.024896,0.077646,-0.19251
-0.65958,0.65066,-0.37629,0.71417,0.38641,-0.58366,-0.23436,-0.6537,-0.71955,-0.024912,0.077704,-0.19251
-0.65948,0.6507,-0.37639,0.71424,0.38625,-0.58368,-0.23442,-0.65376,-0.71948,-0.024922,0.07776,-0.19252
-0.65975,0.65066,-0.376,0.71395,0.38652,-0.58385,-0.23455,-0.65364,-0.71954,-0.024935,0.077816,-0.19252
-0.65958,0.65072,-0.37619,0.71403,0.38612,-0.58401,-0.23478,-0.65382,-0.71931,-0.024955,0.077881,-0.19251
-0.65954,0.65069,-0.37632,0.7141,0.3861,-0.58394,-0.23467,-0.65386,-0.7193,-0.024976,0.077932,-0.19251
-0.65957,0.65068,-0.37629,0.71407,0.38611,-0.58398,-0.23469,-0.65387,-0.71929,-0.024994,0.077994,-0.1925
-0.65944,0.65072,-0.37643,0.71417,0.38592,-0.58397,-0.23473,-0.65393,-0.71922,-0.025019,0.07807,-0.19249
-0.65938,0.6509,-0.37622,0.71414,0.38586,-0.58405,-0.23499,-0.65379,-0.71926,-0.025034,0.078139,-0.19249
-0.65953,0.65086,-0.37604,0.71399,0.38603,-0.58412,-0.23502,-0.65373,-0.71931,-0.025055,0.078211,-0.19249
-0.6594,0.65091,-0.37618,0.71409,0.38583,-0.58413,-0.23507,-0.6538,-0.71923,-0.025082,0.078287,-0.19249
-0.65931,0.65094,-0.37628,0.71419,0.38577,-0.58404,-0.23502,-0.6538,-0.71924,-0.025104,0.078361,-0.19248
-0.6593,0.65101,-0.37618,0.71417,0.38576,-0.58408,-0.23512,-0.65374,-0.71926,-0.025125,0.078436,-0.19248
-0.65952,0.65097,-0.37585,0.71391,0.38593,-0.58429,-0.2353,-0.65367,-0.71927,-0.025147,0.078512,-0.19249
-0.65943,0.65101,-0.37596,0.71398,0.38579,-0.58429,-0.23534,-0.65373,-0.7192,-0.025161,0.078574,-0.1925
-0.65929,0.65106,-0.37611,0.71408,0.38554,-0.58433,-0.23543,-0.65381,-0.7191,-0.025176,0.078654,-0.1925
-0.65932,0.65104,-0.37609,0.71404,0.38555,-0.58437,-0.23545,-0.65384,-0.71907,-0.0252,0.078721,-0.19252
-0.65931,0.65107,-0.37605,0.71402,0.38548,-0.58446,-0.23556,-0.65385,-0.71902,-0.025225,0.078796,-0.19252
-0.6593,0.65113,-0.37597,0.71396,0.38537,-0.58459,-0.23576,-0.65385,-0.71896,-0.025241,0.078858,-0.19254
-0.65948,0.65109,-0.37572,0.7138,0.38564,-0.58462,-0.23575,-0.65373,-0.71907,-0.025255,0.078917,-0.19256
-0.65938,0.65112,-0.37585,0.7139,0.38553,-0.58456,-0.23572,-0.65377,-0.71904,-0.025271,0.078995,-0.19256
-0.65941,0.65113,-0.37579,0.71385,0.38551,-0.58464,-0.2358,-0.65377,-0.71902,-0.025285,0.079056,-0.19258
-0.65963,0.65098,-0.37564,0.7137,0.38585,-0.5846,-0.23562,-0.65372,-0.71912,-0.025304,0.079123,-0.19259
-0.65948,0.65108,-0.37574,0.71379,0.38559,-0.58466,-0.23578,-0.65377,-0.71902,-0.025307,0.079196,-0.1926
-0.65932,0.65117,-0.37586,0.7139,0.38536,-0.58467,-0.23587,-0.65382,-0.71895,-0.025314,0.079287,-0.19261
-0.65937,0.65117,-0.37578,0.71389,0.38554,-0.58458,-0.23578,-0.65372,-0.71907,-0.025325,0.079367,-0.19263
-0.65925,0.65136,-0.37565,0.71385,0.38523,-0.58482,-0.23622,-0.6537,-0.71894,-0.025328,0.079445,-0.19264
-0.65935,0.65133,-0.37553,0.71383,0.38553,-0.58465,-0.23602,-0.65355,-0.71914,-0.025337,0.079518,-0.19266
-0.65937,0.65134,-0.37548,0.7138,0.38555,-0.58467,-0.23605,-0.65354,-0.71914,-0.025354,0.079592,-0.19267
-0.65946,0.65132,-0.37536,0.71363,0.38544,-0.58495,-0.23631,-0.65362,-0.71898,-0.025363,0.079659,-0.1927
-0.65944,0.65131,-0.37541,0.71371,0.38558,-0.58476,-0.23611,-0.65355,-0.71911,-0.025372,0.079723,-0.19272
-0.65938,0.6513,-0.37553,0.7138,0.38552,-0.58469,-0.23604,-0.65359,-0.7191,-0.025381,0.079788,-0.19273
-0.65932,0.65137,-0.37551,0.71373,0.3852,-0.58499,-0.2364,-0.65371,-0.71888,-0.025394,0.079843,-0.19275
-0.65934,0.65135,-0.37551,0.71381,0.38547,-0.58471,-0.23611,-0.65357,-0.7191,-0.025398,0.079904,-0.19277
-0.65935,0.6514,-0.37542,0.71377,0.38547,-0.58477,-0.23621,-0.65353,-0.7191,-0.025402,0.079968,-0.19279
-0.65937,0.65143,-0.37533,0.71371,0.38544,-0.58485,-0.23632,-0.6535,-0.71909,-0.025408,0.080024,-0.1928
-0.65934,0.65151,-0.37525,0.71366,0.38528,-0.58502,-0.23657,-0.65353,-0.71898,-0.025412,0.080083,-0.19281
-0.65955,0.65147,-0.37494,0.71351,0.38571,-0.58493,-0.23645,-0.65331,-0.71922,-0.025416,0.08015,-0.19283
-0.65944,0.65155,-0.37499,0.71355,0.3855,-0.58501,-0.23661,-0.65336,-0.71913,-0.025419,0.080199,-0.19287
-0.65942,0.6516,-0.37495,0.71361,0.38564,-0.58485,-0.23649,-0.65323,-0.71928,-0.025423,0.080255,-0.1929
-0.65941,0.65161,-0.37495,0.71365,0.38571,-0.58474,-0.2364,-0.65317,-0.71936,-0.025427,0.080302,-0.19294
-0.65939,0.65157,-0.37505,0.71368,0.38566,-0.58474,-0.23635,-0.65324,-0.71931,-0.025431,0.080345,-0.193
-0.65948,0.65161,-0.37482,0.71358,0.38584,-0.58475,-0.2364,-0.6531,-0.71943,-0.02542,0.080377,-0.19304
-0.65941,0.65156,-0.37504,0.7136,0.3855,-0.58495,-0.23655,-0.65335,-0.71915,-0.025405,0.080413,-0.19309
-0.65937,0.65152,-0.37517,0.71365,0.38544,-0.58493,-0.23649,-0.65342,-0.71911,-0.025398,0.080462,-0.19312
-0.65945,0.65157,-0.37494,0.71358,0.38566,-0.58486,-0.23648,-0.65324,-0.71927,-0.025384,0.080508,-0.19315
-0.65942,0.65157,-0.37499,0.71362,0.38563,-0.58484,-0.23646,-0.65325,-0.71927,-0.025372,0.080554,-0.19319
-0.65961,0.65147,-0.37483,0.71342,0.38573,-0.58502,-0.23654,-0.65329,-0.7192,-0.025352,0.080596,-0.19324
-0.65957,0.65141,-0.37502,0.71345,0.38555,-0.5851,-0.23655,-0.65347,-0.71904,-0.025333,0.080636,-0.19328
-0.65952,0.6515,-0.37495,0.71348,0.38555,-0.58506,-0.2366,-0.65338,-0.71911,-0.025306,0.080678,-0.19333
-0.65946,0.65132,-0.37536,0.71351,0.38511,-0.58532,-0.23668,-0.65382,-0.71869,-0.025279,0.080717,-0.19339
-0.6594,0.65151,-0.37513,0.71352,0.38518,-0.58526,-0.23681,-0.65359,-0.71885,-0.025243,0.080757,-0.19347
-0.65933,0.65169,-0.37495,0.71352,0.38514,-0.58528,-0.23701,-0.65343,-0.71893,-0.025191,0.080791,-0.19354
-0.65936,0.65148,-0.37527,0.71355,0.38504,-0.58531,-0.23682,-0.6537,-0.71874,-0.025162,0.080826,-0.19359
-0.65929,0.65161,-0.37515,0.71359,0.38504,-0.58526,-0.23692,-0.65356,-0.71884,-0.025122,0.08087,-0.19364
-0.65911,0.65179,-0.37515,0.71361,0.38461,-0.58552,-0.23735,-0.65364,-0.71863,-0.025057,0.08091,-0.1937
-0.65922,0.65198,-0.37463,0.7134,0.38479,-0.58566,-0.23768,-0.65334,-0.71879,-0.02497,0.080949,-0.19376
-0.65915,0.65199,-0.37472,0.71342,0.38459,-0.58577,-0.2378,-0.65345,-0.71865,-0.024931,0.080989,-0.19382
-0.65909,0.65205,-0.37475,0.71343,0.38442,-0.58587,-0.23796,-0.65349,-0.71856,-0.024886,0.081021,-0.19388
-0.659,0.65225,-0.37455,0.71344,0.38439,-0.58587,-0.23816,-0.65331,-0.71865,-0.024828,0.081053,-0.19395
-0.65869,0.65237,-0.37489,0.71369,0.38392,-0.58588,-0.23828,-0.65347,-0.71847,-0.024778,0.081082,-0.19401
-0.65862,0.65225,-0.37522,0.71369,0.38345,-0.58619,-0.23847,-0.65386,-0.71805,-0.024696,0.081113,-0.19409
-0.65877,0.65237,-0.37474,0.71345,0.38363,-0.58636,-0.23876,-0.65363,-0.71816,-0.024634,0.081131,-0.19414
-0.65851,0.65242,-0.37512,0.7137,0.38326,-0.5863,-0.23875,-0.65381,-0.71801,-0.024556,0.081166,-0.19423
-0.6584,0.65269,-0.37484,0.71369,0.3832,-0.58634,-0.23906,-0.65357,-0.71812,-0.024476,0.081194,-0.19431
-0.65837,0.6528,-0.3747,0.71369,0.38324,-0.58632,-0.23915,-0.65343,-0.71821,-0.024423,0.081214,-0.19437
-0.65836,0.65272,-0.37485,0.7137,0.3831,-0.5864,-0.23915,-0.6536,-0.71806,-0.024358,0.081244,-0.19445
-0.6583,0.65295,-0.37456,0.71369,0.38318,-0.58635,-0.23933,-0.65332,-0.71826,-0.024279,0.081262,-0.19451
-0.65835,0.65292,-0.37452,0.71371,0.38338,-0.58621,-0.23917,-0.65323,-0.71839,-0.024225,0.081293,-0.19458
-0.65819,0.65308,-0.37453,0.71382,0.38327,-0.58614,-0.23925,-0.65314,-0.71845,-0.024133,0.081322,-0.19467
-0.65816,0.65314,-0.37448,0.71382,0.38321,-0.58618,-0.23936,-0.65311,-0.71844,-0.024075,0.081339,-0.19473
-0.65807,0.65337,-0.37424,0.7138,0.38314,-0.58625,-0.23965,-0.65293,-0.71851,-0.024006,0.081352,-0.1948
-0.65792,0.6533,-0.37461,0.71405,0.38308,-0.58599,-0.23932,-0.65303,-0.71853,-0.023949,0.081374,-0.19487
-0.65787,0.65329,-0.37472,0.71404,0.38284,-0.58615,-0.23947,-0.65318,-0.71834,-0.023911,0.081385,-0.1949
-0.65782,0.65342,-0.37457,0.71404,0.38284,-0.58615,-0.2396,-0.65305,-0.71841,-0.023874,0.081395,-0.19493
-0.65781,0.65343,-0.37459,0.71404,0.38277,-0.58621,-0.23967,-0.65308,-0.71836,-0.023794,0.081401,-0.19497
-0.65787,0.65341,-0.37452,0.71404,0.383,-0.58606,-0.2395,-0.65297,-0.71852,-0.023743,0.081412,-0.19502
-0.65781,0.65365,-0.37421,0.71402,0.38306,-0.58604,-0.23972,-0.6527,-0.71869,-0.02366,0.081418,-0.19507
-0.65767,0.65376,-0.37425,0.71412,0.38293,-0.586,-0.23979,-0.65266,-0.71871,-0.023574,0.081424,-0.19513
-0.65766,0.6538,-0.37421,0.71411,0.3829,-0.58604,-0.23987,-0.65264,-0.7187,-0.023498,0.081437,-0.1952
-0.65772,0.65375,-0.37419,0.71412,0.38309,-0.5859,-0.23968,-0.65257,-0.71882,-0.023479,0.081444,-0.19522
-0.65768,0.65372,-0.37431,0.71412,0.3829,-0.58603,-0.23978,-0.65272,-0.71866,-0.023453,0.081449,-0.19523
-0.65762,0.65382,-0.37423,0.71412,0.3828,-0.58609,-0.23994,-0.65267,-0.71865,-0.023406,0.081458,-0.19526
-0.65732,0.65395,-0.37453,0.71435,0.38237,-0.58609,-0.24007,-0.6528,-0.71849,-0.023358,0.081467,-0.1953
-0.65748,0.65406,-0.37407,0.71411,0.38256,-0.58625,-0.24034,-0.65257,-0.7186,-0.023263,0.081485,-0.19535
-0.65745,0.65418,-0.3739,0.71412,0.38265,-0.58619,-0.2404,-0.6524,-0.71873,-0.023179,0.081502,-0.1954
-0.65709,0.65452,-0.37396,0.71435,0.38226,-0.58615,-0.2407,-0.65229,-0.71873,-0.023079,0.081518,-0.19546
-0.65701,0.6547,-0.37377,0.71435,0.38221,-0.58619,-0.24092,-0.65213,-0.71881,-0.022986,0.081546,-0.19554
-0.65712,0.65454,-0.37386,0.71424,0.38212,-0.58639,-0.24096,-0.65235,-0.7186,-0.022983,0.08155,-0.19554
-0.65711,0.65452,-0.37391,0.71424,0.38208,-0.5864,-0.24095,-0.65239,-0.71856,-0.022982,0.081555,-0.19554
-0.65739,0.65439,-0.37365,0.71402,0.38244,-0.58644,-0.24086,-0.65231,-0.71866,-0.022981,0.081567,-0.19554
-0.65738,0.65433,-0.37376,0.71404,0.38237,-0.58647,-0.24083,-0.65241,-0.71858,-0.022983,0.081583,-0.19555
-0.65748,0.65418,-0.37386,0.71393,0.38224,-0.58668,-0.2409,-0.65264,-0.71835,-0.022969,0.081597,-0.19557
-0.65766,0.65412,-0.37365,0.7137,0.3823,-0.58692,-0.24107,-0.65267,-0.71827,-0.022935,0.081617,-0.1956
-0.65759,0.65423,-0.37357,0.71372,0.38223,-0.58695,-0.24121,-0.65259,-0.71829,-0.022887,0.081645,-0.19564
-0.65746,0.65449,-0.37335,0.71373,0.38212,-0.587,-0.24152,-0.6524,-0.71836,-0.022827,0.081681,-0.1957
-0.65768,0.65439,-0.37313,0.71354,0.38238,-0.58707,-0.2415,-0.65234,-0.71842,-0.022826,0.081711,-0.1957
