0.15059,-0.95118,-0.26941,-0.17718,0.24213,-0.95393,0.97259,0.19138,-0.13207,0.13107,-0.10441,-0.10401
0.151,-0.95117,-0.2692,-0.1772,0.24187,-0.95399,0.97252,0.19176,-0.13203,0.13103,-0.10441,-0.10407
0.1449,-0.95162,-0.27096,-0.17615,0.24467,-0.95347,0.97364,0.18588,-0.13218,0.13093,-0.10439,-0.1042
0.13593,-0.95281,-0.27143,-0.17394,0.24676,-0.95334,0.97533,0.17679,-0.13219,0.13088,-0.10437,-0.10429
0.12892,-0.95357,-0.27218,-0.1727,0.24868,-0.95306,0.9765,0.16987,-0.13262,0.13082,-0.10434,-0.10443
0.12104,-0.95457,-0.2723,-0.17159,0.25007,-0.9529,0.9777,0.16206,-0.13353,0.1308,-0.10432,-0.10458
0.11305,-0.95557,-0.27221,-0.16957,0.25139,-0.95292,0.97901,0.15389,-0.13362,0.13078,-0.1043,-0.10473
0.10494,-0.95648,-0.27227,-0.16822,0.25277,-0.95279,0.98015,0.14578,-0.13437,0.13077,-0.10428,-0.10487
0.096184,-0.95759,-0.27161,-0.16598,0.25362,-0.95296,0.98143,0.13674,-0.13455,0.13075,-0.10427,-0.10502
0.088265,-0.95826,-0.27194,-0.1642,0.25528,-0.95282,0.98247,0.12875,-0.13481,0.13074,-0.10424,-0.10517
0.078688,-0.95917,-0.27167,-0.16143,0.25665,-0.95293,0.98374,0.11884,-0.13465,0.13073,-0.10423,-0.10531
0.071046,-0.95965,-0.27206,-0.16007,0.25825,-0.95273,0.98455,0.11124,-0.13526,0.13073,-0.10422,-0.10547
0.061909,-0.96048,-0.27138,-0.15689,0.25915,-0.95301,0.98567,0.10158,-0.13464,0.13071,-0.10419,-0.1056
0.053306,-0.96074,-0.27228,-0.15512,0.26139,-0.95269,0.98646,0.093018,-0.13509,0.1307,-0.10418,-0.10575
0.04461,-0.96132,-0.2718,-0.15221,0.26235,-0.95289,0.98734,0.08388,-0.13462,0.13068,-0.10414,-0.10588
0.036304,-0.9616,-0.27204,-0.15064,0.26384,-0.95273,0.98792,0.075568,-0.13528,0.13068,-0.10413,-0.10603
0.027263,-0.96187,-0.27214,-0.14781,0.26537,-0.95275,0.98864,0.066199,-0.13494,0.13066,-0.10412,-0.10616
0.01901,-0.96205,-0.27222,-0.14593,0.26668,-0.95267,0.98911,0.057834,-0.13532,0.13067,-0.10411,-0.10633
0.010369,-0.96216,-0.27227,-0.14366,0.26803,-0.95264,0.98957,0.048992,-0.13544,0.13067,-0.10408,-0.10648
0.0013894,-0.96236,-0.27176,-0.14056,0.26887,-0.95286,0.99007,0.039523,-0.1349,0.13068,-0.10406,-0.10663
-0.0070807,-0.96225,-0.27206,-0.13883,0.27038,-0.95269,0.99029,0.031024,-0.1355,0.13068,-0.10404,-0.10678
-0.015376,-0.96225,-0.27175,-0.13648,0.27126,-0.95278,0.99052,0.022439,-0.1355,0.13068,-0.10402,-0.10693
-0.024225,-0.96206,-0.27177,-0.13407,0.27252,-0.95276,0.99068,0.013357,-0.13559,0.13069,-0.10401,-0.10708
-0.033249,-0.96173,-0.27198,-0.13143,0.27397,-0.95271,0.99077,0.0040697,-0.13551,0.1307,-0.104,-0.10723
-0.041289,-0.96134,-0.27224,-0.1296,0.27532,-0.95258,0.99071,-0.0040485,-0.13596,0.1307,-0.10398,-0.1074
-0.050177,-0.96104,-0.27183,-0.12649,0.2761,-0.95277,0.9907,-0.013424,-0.13541,0.13071,-0.10397,-0.10753
-0.058908,-0.96042,-0.27225,-0.12445,0.27766,-0.95259,0.99048,-0.022235,-0.13588,0.13072,-0.10395,-0.10768
-0.067541,-0.95996,-0.27188,-0.1217,0.2784,-0.95273,0.99027,-0.031261,-0.13563,0.13074,-0.10394,-0.10783
-0.076092,-0.95932,-0.27188,-0.11965,0.27949,-0.95267,0.9899,-0.03996,-0.13605,0.13074,-0.10392,-0.10799
-0.084831,-0.95868,-0.27154,-0.11692,0.28022,-0.95279,0.98951,-0.049077,-0.13586,0.13075,-0.1039,-0.10813
-0.09385,-0.95778,-0.27176,-0.11405,0.28151,-0.95276,0.98903,-0.058422,-0.13565,0.13077,-0.1039,-0.10828
-0.10185,-0.95691,-0.27194,-0.11192,0.28265,-0.95267,0.98848,-0.066591,-0.13588,0.13079,-0.10387,-0.10843
-0.1104,-0.956,-0.27179,-0.10933,0.28348,-0.95272,0.98785,-0.075468,-0.13582,0.1308,-0.10386,-0.10858
-0.11902,-0.95513,-0.27124,-0.10694,0.28392,-0.95287,0.98712,-0.084401,-0.13593,0.13083,-0.10386,-0.10874
-0.12747,-0.95395,-0.27154,-0.10461,0.28518,-0.95275,0.98631,-0.093045,-0.13615,0.13085,-0.10384,-0.10889
-0.13637,-0.95259,-0.27199,-0.10228,0.28663,-0.95257,0.98537,-0.10208,-0.13651,0.13089,-0.10383,-0.10905
-0.14454,-0.95155,-0.2714,-0.099805,0.2869,-0.95275,0.98445,-0.11062,-0.13644,0.1309,-0.10381,-0.10919
-0.15377,-0.95013,-0.27132,-0.096971,0.28777,-0.95278,0.98334,-0.1202,-0.13639,0.13093,-0.1038,-0.10934
-0.16183,-0.94855,-0.27215,-0.09471,0.28945,-0.9525,0.98226,-0.12836,-0.13668,0.13096,-0.10379,-0.10949
-0.17013,-0.94741,-0.27104,-0.092127,0.28914,-0.95284,0.98111,-0.13713,-0.13647,0.13099,-0.10377,-0.10965
-0.17908,-0.94565,-0.27144,-0.08948,0.29041,-0.95271,0.97976,-0.14632,-0.13662,0.13101,-0.10376,-0.10978
-0.18746,-0.94406,-0.27133,-0.086858,0.29107,-0.95275,0.97842,-0.15503,-0.13656,0.13104,-0.10376,-0.10994
-0.19577,-0.9423,-0.27155,-0.08491,0.29215,-0.95259,0.97697,-0.16344,-0.13721,0.13107,-0.10375,-0.11009
-0.20436,-0.94059,-0.27116,-0.081915,0.29247,-0.95276,0.97546,-0.1725,-0.13682,0.13111,-0.10373,-0.11024
-0.21309,-0.93863,-0.27122,-0.079349,0.2933,-0.95272,0.9738,-0.18149,-0.13698,0.13114,-0.10373,-0.11038
-0.22135,-0.93651,-0.27193,-0.07694,0.29475,-0.95247,0.97216,-0.1899,-0.1373,0.13118,-0.10371,-0.11053
-0.22949,-0.93485,-0.2709,-0.074367,0.29436,-0.9528,0.97047,-0.19851,-0.13707,0.13122,-0.1037,-0.11069
-0.23856,-0.9324,-0.27152,-0.071528,0.29571,-0.9526,0.96849,-0.20783,-0.13724,0.13126,-0.1037,-0.11083
-0.24653,-0.9305,-0.27089,-0.069091,0.29568,-0.95278,0.96667,-0.21618,-0.13719,0.13129,-0.10369,-0.11098
-0.25435,-0.92836,-0.27103,-0.067269,0.29655,-0.95264,0.96477,-0.22408,-0.13788,0.13135,-0.10368,-0.11114
-0.26371,-0.92586,-0.27063,-0.063693,0.29666,-0.95286,0.9625,-0.23404,-0.1372,0.13137,-0.10367,-0.11127
-0.27182,-0.92351,-0.27063,-0.061001,0.29719,-0.95287,0.96041,-0.2425,-0.13712,0.13141,-0.10366,-0.11142
-0.27996,-0.9211,-0.27057,-0.058633,0.29772,-0.95285,0.95822,-0.25089,-0.13735,0.13146,-0.10366,-0.11157
-0.28846,-0.9184,-0.27081,-0.056149,0.29857,-0.95273,0.95585,-0.25962,-0.13769,0.1315,-0.10366,-0.11171
-0.29647,-0.91586,-0.27073,-0.05345,0.29895,-0.95277,0.95354,-0.268,-0.13758,0.13155,-0.10366,-0.11186
-0.305,-0.91311,-0.27056,-0.050399,0.29918,-0.95287,0.95102,-0.27699,-0.13727,0.1316,-0.10366,-0.112
-0.31302,-0.91038,-0.2706,-0.048597,0.2999,-0.95273,0.9485,-0.28507,-0.13811,0.13165,-0.10365,-0.11215
-0.32144,-0.90741,-0.27071,-0.045651,0.3004,-0.95272,0.94583,-0.29389,-0.13798,0.13169,-0.10364,-0.11228
-0.32965,-0.90447,-0.27069,-0.042869,0.30076,-0.95274,0.94313,-0.30247,-0.13792,0.13175,-0.10363,-0.11243
-0.33811,-0.90143,-0.27036,-0.039742,0.3007,-0.95289,0.94027,-0.31144,-0.1375,0.1318,-0.10362,-0.11257
-0.34567,-0.89866,-0.27005,-0.037872,0.30091,-0.9529,0.93759,-0.31916,-0.13805,0.13185,-0.10363,-0.11272
-0.354,-0.89543,-0.26998,-0.034636,0.30102,-0.95299,0.9346,-0.32801,-0.13758,0.13191,-0.10362,-0.11287
-0.36217,-0.89221,-0.26979,-0.031863,0.30112,-0.95305,0.93157,-0.33658,-0.13749,0.13197,-0.10362,-0.11301
-0.37017,-0.8889,-0.26988,-0.029444,0.3016,-0.95298,0.9285,-0.34482,-0.13781,0.13202,-0.10361,-0.11315
-0.37774,-0.88576,-0.2697,-0.027465,0.30187,-0.95295,0.9255,-0.35256,-0.13836,0.1321,-0.10361,-0.11329
-0.38621,-0.88212,-0.26963,-0.024211,0.3019,-0.95303,0.92209,-0.36154,-0.13795,0.13215,-0.1036,-0.11342
-0.39441,-0.87844,-0.26977,-0.021572,0.30234,-0.95296,0.91868,-0.37004,-0.1382,0.13221,-0.1036,-0.11357
-0.40197,-0.87498,-0.26988,-0.019484,0.30285,-0.95284,0.91544,-0.37776,-0.13878,0.13227,-0.10359,-0.1137
-0.41001,-0.87142,-0.26929,-0.01646,0.30227,-0.95308,0.91193,-0.38634,-0.13828,0.13234,-0.10359,-0.11385
-0.41797,-0.86761,-0.26937,-0.013998,0.30263,-0.95301,0.90835,-0.39455,-0.13863,0.13239,-0.10359,-0.11398
-0.42603,-0.86377,-0.26908,-0.01087,0.30229,-0.95316,0.90465,-0.40314,-0.13817,0.13246,-0.10361,-0.11412
-0.43349,-0.86006,-0.26906,-0.0083242,0.30238,-0.95315,0.90112,-0.41094,-0.13824,0.13253,-0.1036,-0.11427
-0.44116,-0.85609,-0.26922,-0.005881,0.30274,-0.95305,0.89741,-0.41887,-0.13859,0.1326,-0.10361,-0.11441
-0.44895,-0.85216,-0.26882,-0.0034907,0.30252,-0.95314,0.89355,-0.42698,-0.13879,0.13266,-0.1036,-0.11454
-0.45692,-0.84786,-0.26899,-0.00053289,0.30267,-0.9531,0.88951,-0.43535,-0.13875,0.13273,-0.10361,-0.11468
-0.46419,-0.84396,-0.26882,0.0015052,0.30275,-0.95307,0.88574,-0.44281,-0.13926,0.1328,-0.10361,-0.11482
-0.47166,-0.83979,-0.26885,0.0041016,0.3028,-0.95304,0.88177,-0.45062,-0.13938,0.13287,-0.10361,-0.11495
-0.47961,-0.83535,-0.26862,0.0072218,0.30235,-0.95317,0.87745,-0.45909,-0.13898,0.13294,-0.10362,-0.11509
-0.48717,-0.83105,-0.26837,0.010128,0.3019,-0.95328,0.87325,-0.46713,-0.13866,0.13301,-0.10363,-0.11522
-0.49473,-0.82665,-0.26814,0.012779,0.30159,-0.95335,0.86895,-0.47508,-0.13864,0.13308,-0.10363,-0.11535
-0.50158,-0.82245,-0.26831,0.014338,0.3022,-0.95314,0.86499,-0.48192,-0.13979,0.13316,-0.10363,-0.1155
-0.50958,-0.81763,-0.26799,0.018146,0.30118,-0.95339,0.86023,-0.49069,-0.13864,0.13323,-0.10363,-0.11563
-0.51677,-0.81312,-0.26794,0.020333,0.30122,-0.95334,0.85588,-0.4981,-0.13913,0.13331,-0.10363,-0.11578
-0.52424,-0.8084,-0.26769,0.023321,0.30061,-0.95346,0.85125,-0.50609,-0.13874,0.13338,-0.10363,-0.11591
-0.53117,-0.804,-0.26729,0.025213,0.30033,-0.9535,0.84689,-0.51321,-0.13925,0.13345,-0.10365,-0.11606
-0.53852,-0.79912,-0.26722,0.028133,0.2999,-0.95356,0.84214,-0.52102,-0.13902,0.13353,-0.10364,-0.11621
-0.54598,-0.79402,-0.26727,0.031267,0.29948,-0.95359,0.83722,-0.52899,-0.13868,0.13359,-0.10364,-0.11634
-0.55313,-0.789,-0.26746,0.033603,0.29965,-0.95346,0.83242,-0.53637,-0.13923,0.13366,-0.10365,-0.11649
-0.56021,-0.78398,-0.26748,0.036525,0.29922,-0.95349,0.82754,-0.54392,-0.13899,0.13372,-0.10366,-0.11662
-0.56686,-0.7791,-0.26771,0.038123,0.29981,-0.95324,0.82293,-0.55055,-0.14025,0.1338,-0.10368,-0.11677
-0.5742,-0.77392,-0.26712,0.041809,0.29812,-0.95361,0.81765,-0.55873,-0.13882,0.13386,-0.10367,-0.11691
-0.58108,-0.76867,-0.26739,0.044126,0.2983,-0.95345,0.81265,-0.56583,-0.13942,0.13394,-0.10369,-0.11705
-0.58789,-0.76362,-0.26698,0.04681,0.29737,-0.95361,0.80759,-0.57312,-0.13908,0.13402,-0.10369,-0.11719
-0.59476,-0.75827,-0.26698,0.049619,0.29684,-0.95364,0.80237,-0.58043,-0.13893,0.13409,-0.10371,-0.11732
-0.60173,-0.75279,-0.26687,0.05265,0.29602,-0.95373,0.79696,-0.58794,-0.13849,0.13416,-0.10372,-0.11745
-0.60843,-0.74736,-0.26695,0.054629,0.29613,-0.95358,0.79172,-0.59477,-0.13935,0.13424,-0.10373,-0.11759
-0.6151,-0.74198,-0.26669,0.057408,0.2952,-0.95371,0.78636,-0.60193,-0.13898,0.13432,-0.10374,-0.11772
-0.62198,-0.73619,-0.26677,0.06006,0.29484,-0.95366,0.78072,-0.60918,-0.13917,0.1344,-0.10375,-0.11785
-0.62852,-0.73073,-0.26644,0.062419,0.29407,-0.95374,0.77528,-0.61608,-0.13922,0.13449,-0.10375,-0.11798
-0.63533,-0.7248,-0.2665,0.065182,0.29354,-0.95372,0.76948,-0.6233,-0.13925,0.13459,-0.10377,-0.1181
-0.64198,-0.71895,-0.26642,0.068253,0.29251,-0.95382,0.76368,-0.63052,-0.13872,0.13468,-0.10379,-0.11822
-0.64833,-0.71341,-0.26592,0.070373,0.29163,-0.95394,0.7581,-0.63718,-0.13887,0.13478,-0.1038,-0.11833
-0.655,-0.70716,-0.26629,0.073557,0.29106,-0.95387,0.75204,-0.64437,-0.13863,0.13486,-0.1038,-0.11845
-0.6613,-0.70152,-0.26561,0.075454,0.29008,-0.95402,0.74631,-0.65094,-0.1389,0.13496,-0.10381,-0.11857
-0.66778,-0.69525,-0.26588,0.078478,0.28945,-0.95397,0.74021,-0.65791,-0.13872,0.13507,-0.10382,-0.1187
-0.67408,-0.68918,-0.2658,0.080436,0.28922,-0.95388,0.73427,-0.66437,-0.13952,0.13516,-0.10383,-0.11882
-0.68041,-0.68292,-0.26583,0.083387,0.28824,-0.95392,0.72807,-0.67122,-0.13918,0.13526,-0.10385,-0.11894
-0.68652,-0.67702,-0.26522,0.085649,0.28692,-0.95412,0.72205,-0.67774,-0.13899,0.13537,-0.10386,-0.11906
-0.69273,-0.67067,-0.26519,0.088204,0.28617,-0.95411,0.71578,-0.68433,-0.13908,0.13546,-0.10387,-0.11916
-0.6989,-0.66414,-0.26543,0.091029,0.28551,-0.95404,0.7094,-0.69095,-0.13908,0.13556,-0.10389,-0.11927
-0.70505,-0.65772,-0.26516,0.093655,0.28427,-0.95416,0.70294,-0.69757,-0.13883,0.13567,-0.10391,-0.11935
-0.71112,-0.65114,-0.26517,0.096337,0.28335,-0.95416,0.69643,-0.70407,-0.13877,0.13577,-0.10393,-0.11947
-0.71702,-0.64471,-0.26502,0.098388,0.28278,-0.95412,0.69008,-0.7102,-0.13933,0.13587,-0.10394,-0.11959
-0.72285,-0.63824,-0.26483,0.10108,0.28146,-0.95423,0.68357,-0.71654,-0.13894,0.13599,-0.10395,-0.1197
-0.72867,-0.63173,-0.2645,0.10341,0.28029,-0.95433,0.67701,-0.72274,-0.13891,0.1361,-0.10396,-0.11981
-0.7345,-0.62507,-0.2642,0.10537,0.27955,-0.95433,0.67038,-0.72879,-0.13946,0.13622,-0.10398,-0.11993
-0.7402,-0.61819,-0.26447,0.10848,0.27838,-0.95432,0.66358,-0.73508,-0.139,0.13632,-0.10399,-0.12002
-0.74585,-0.61138,-0.26443,0.11122,0.2771,-0.95438,0.65676,-0.74123,-0.13868,0.13643,-0.10401,-0.12013
-0.75155,-0.60446,-0.2642,0.11332,0.27626,-0.95438,0.64987,-0.7472,-0.13913,0.13654,-0.10403,-0.12022
-0.75709,-0.59751,-0.26417,0.11649,0.27441,-0.95453,0.64284,-0.75344,-0.13815,0.13666,-0.10406,-0.1203
-0.76256,-0.59061,-0.26396,0.11865,0.27342,-0.95455,0.63594,-0.75922,-0.13842,0.13677,-0.10407,-0.12041
-0.76806,-0.58339,-0.2641,0.12105,0.27271,-0.95445,0.62884,-0.76504,-0.13884,0.13689,-0.10409,-0.1205
-0.77328,-0.57651,-0.26398,0.12382,0.27101,-0.95458,0.62186,-0.77084,-0.13818,0.137,-0.10411,-0.1206
-0.77869,-0.56952,-0.26324,0.12547,0.26973,-0.95473,0.61473,-0.77646,-0.13858,0.13713,-0.10412,-0.12071
-0.78391,-0.56209,-0.26371,0.12825,0.26899,-0.95457,0.60749,-0.78211,-0.13877,0.13725,-0.10414,-0.12081
-0.78895,-0.55501,-0.26365,0.13083,0.26751,-0.95463,0.60036,-0.78765,-0.13844,0.13736,-0.10416,-0.12092
-0.79428,-0.54765,-0.26307,0.13236,0.26662,-0.95467,0.59296,-0.79309,-0.13928,0.1375,-0.10418,-0.12102
-0.79922,-0.54027,-0.26336,0.13532,0.26517,-0.95466,0.58561,-0.79862,-0.13882,0.13762,-0.10419,-0.12111
-0.80413,-0.53296,-0.2633,0.13806,0.26337,-0.95476,0.5782,-0.80411,-0.13821,0.13775,-0.10421,-0.12117
-0.80902,-0.52565,-0.26301,0.14021,0.26196,-0.95484,0.57081,-0.80936,-0.13824,0.13786,-0.10422,-0.12126
-0.81388,-0.51808,-0.26305,0.14253,0.26088,-0.95479,0.56328,-0.81458,-0.13848,0.13799,-0.10424,-0.12135
-0.81864,-0.51065,-0.26279,0.14477,0.25932,-0.95488,0.55576,-0.81975,-0.13837,0.13811,-0.10425,-0.12145
-0.82324,-0.50301,-0.26317,0.14743,0.25822,-0.95477,0.54822,-0.8248,-0.13842,0.13823,-0.10425,-0.12155
-0.82772,-0.49568,-0.26302,0.14982,0.25649,-0.95487,0.54077,-0.82977,-0.13803,0.13836,-0.10426,-0.12166
-0.83227,-0.48809,-0.26286,0.15202,0.25504,-0.9549,0.53312,-0.8347,-0.13806,0.13851,-0.10427,-0.12176
-0.83658,-0.48035,-0.26345,0.15466,0.25426,-0.95469,0.52557,-0.83942,-0.13842,0.13863,-0.10427,-0.12186
-0.84092,-0.47258,-0.26368,0.15737,0.25263,-0.95468,0.51778,-0.8443,-0.13807,0.13878,-0.10427,-0.12192
