0.44749,-0.89144,-0.071245,0.24437,0.19853,-0.94914,0.86025,0.40732,0.30668,0.13443,-0.098847,-0.10303
0.44641,-0.89208,-0.070075,0.24574,0.19752,-0.949,0.86042,0.40642,0.3074,0.13438,-0.098768,-0.1032
0.44163,-0.89429,-0.072178,0.2457,0.19793,-0.94892,0.8629,0.40134,0.30714,0.1343,-0.098772,-0.1033
0.4342,-0.89792,-0.072245,0.24738,0.19597,-0.94889,0.86618,0.39413,0.30722,0.13423,-0.098776,-0.1034
0.42713,-0.9012,-0.073503,0.24847,0.19515,-0.94878,0.86938,0.38699,0.30727,0.13416,-0.098792,-0.10352
0.42028,-0.90441,-0.073531,0.24902,0.19289,-0.9491,0.87255,0.38057,0.30629,0.13409,-0.098812,-0.10366
0.41341,-0.90755,-0.0738,0.25039,0.19123,-0.94907,0.87544,0.37388,0.3063,0.13403,-0.098838,-0.10379
0.40617,-0.91075,-0.074506,0.25113,0.18965,-0.94919,0.87861,0.36682,0.30574,0.13396,-0.098866,-0.10392
0.39758,-0.91464,-0.073315,0.25317,0.18614,-0.94935,0.88195,0.35888,0.30556,0.1339,-0.09889,-0.10404
0.38995,-0.91791,-0.073406,0.25408,0.18388,-0.94954,0.88509,0.35162,0.30493,0.13385,-0.098924,-0.10418
0.38155,-0.92149,-0.072594,0.25599,0.1808,-0.94962,0.8882,0.34374,0.30488,0.13379,-0.098952,-0.10431
0.37374,-0.92462,-0.073447,0.25736,0.17945,-0.94951,0.89111,0.33597,0.30503,0.13374,-0.09899,-0.10445
0.36444,-0.92836,-0.073,0.25912,0.17639,-0.9496,0.89445,0.32716,0.30484,0.13368,-0.099027,-0.10458
0.357,-0.93119,-0.07368,0.26008,0.17485,-0.94963,0.89717,0.31985,0.3046,0.13362,-0.099062,-0.10472
0.34846,-0.93446,-0.07325,0.26197,0.17212,-0.9496,0.89997,0.31171,0.30478,0.13358,-0.099106,-0.10486
0.33974,-0.93763,-0.073708,0.26335,0.17007,-0.94959,0.90289,0.3032,0.30471,0.13353,-0.099144,-0.10499
0.33174,-0.9405,-0.073544,0.26493,0.1677,-0.94957,0.90541,0.29553,0.3048,0.13349,-0.099185,-0.10513
0.32327,-0.94342,-0.07387,0.26636,0.16562,-0.94954,0.90804,0.28728,0.30483,0.13344,-0.099226,-0.10528
0.31474,-0.94631,-0.073762,0.26779,0.16308,-0.94957,0.91062,0.27912,0.30474,0.13339,-0.099267,-0.10541
0.30644,-0.94903,-0.07372,0.2691,0.16066,-0.94962,0.91306,0.27116,0.30461,0.13334,-0.099305,-0.10555
0.29824,-0.95162,-0.073921,0.26996,0.15838,-0.94976,0.91552,0.2633,0.30413,0.13329,-0.099346,-0.10569
0.28957,-0.95429,-0.074052,0.27145,0.15607,-0.94971,0.91786,0.25491,0.30424,0.13325,-0.0994,-0.10584
0.28058,-0.95701,-0.073602,0.27305,0.1531,-0.94974,0.92017,0.24638,0.30427,0.13321,-0.099442,-0.10597
0.27269,-0.95927,-0.073802,0.27414,0.151,-0.94976,0.92222,0.23876,0.30415,0.13316,-0.099486,-0.10611
0.26373,-0.96177,-0.073827,0.27552,0.14846,-0.94976,0.92441,0.23014,0.30414,0.13312,-0.099534,-0.10626
0.25463,-0.96422,-0.073737,0.27697,0.14577,-0.94976,0.92653,0.22141,0.30418,0.13309,-0.099582,-0.10639
0.24708,-0.96619,-0.073635,0.27803,0.14349,-0.94979,0.92825,0.2142,0.30409,0.13305,-0.099628,-0.10654
0.23763,-0.96856,-0.073655,0.27961,0.14082,-0.94973,0.93024,0.20509,0.30428,0.13301,-0.099673,-0.10666
0.22896,-0.97059,-0.074371,0.28046,0.13893,-0.94976,0.93216,0.1966,0.30402,0.13298,-0.099727,-0.10681
0.2203,-0.9726,-0.074321,0.28185,0.13641,-0.94971,0.93382,0.18828,0.30418,0.13293,-0.099768,-0.10694
0.21149,-0.9746,-0.07373,0.28314,0.13329,-0.94977,0.93547,0.17999,0.30414,0.13291,-0.099828,-0.10709
0.2025,-0.97647,-0.074108,0.28415,0.13101,-0.94979,0.93715,0.17127,0.30399,0.13286,-0.099876,-0.10722
0.19444,-0.97812,-0.073989,0.28525,0.12855,-0.94979,0.93852,0.16357,0.304,0.13283,-0.099926,-0.10737
0.18515,-0.9799,-0.074216,0.28638,0.12604,-0.94979,0.94006,0.1546,0.30396,0.13281,-0.099988,-0.10751
0.17624,-0.98156,-0.074035,0.28769,0.12329,-0.94975,0.94137,0.14608,0.30412,0.13278,-0.10004,-0.10765
0.16806,-0.98298,-0.074222,0.28848,0.12104,-0.94981,0.94262,0.13821,0.30391,0.13276,-0.1001,-0.10779
0.1587,-0.98454,-0.074162,0.28948,0.11821,-0.94986,0.94394,0.12927,0.30376,0.13273,-0.10016,-0.10793
0.15051,-0.98584,-0.073983,0.29047,0.11563,-0.94987,0.94497,0.12148,0.30376,0.1327,-0.1002,-0.10807
0.14137,-0.98715,-0.074492,0.29139,0.11341,-0.94986,0.9461,0.11258,0.30367,0.13268,-0.10027,-0.10823
0.13216,-0.98845,-0.074201,0.29265,0.11043,-0.94982,0.94704,0.10382,0.30386,0.13266,-0.10032,-0.10835
0.12402,-0.98945,-0.074821,0.29326,0.10858,-0.94985,0.94795,0.095862,0.30364,0.13263,-0.10037,-0.1085
0.11414,-0.99068,-0.074271,0.29468,0.10516,-0.94979,0.94875,0.086526,0.30394,0.13262,-0.10042,-0.10863
0.1059,-0.99159,-0.074349,0.29506,0.10274,-0.94994,0.94959,0.078663,0.30346,0.13259,-0.10048,-0.10878
0.097616,-0.99239,-0.075056,0.29576,0.10094,-0.94991,0.95026,0.070528,0.30337,0.13257,-0.10053,-0.10892
0.08775,-0.99337,-0.074213,0.29701,0.097202,-0.94991,0.95083,0.061313,0.30358,0.13256,-0.10058,-0.10906
0.079386,-0.99406,-0.074481,0.29762,0.094944,-0.94995,0.95138,0.053246,0.30339,0.13255,-0.10064,-0.10921
0.07021,-0.99475,-0.074472,0.29876,0.092199,-0.94986,0.95174,0.04444,0.30366,0.13255,-0.1007,-0.10936
0.061251,-0.99534,-0.074447,0.29935,0.089473,-0.94994,0.95218,0.035899,0.30343,0.13252,-0.10075,-0.10949
0.051514,-0.9959,-0.074384,0.3004,0.086486,-0.94988,0.95242,0.026588,0.30362,0.13254,-0.10081,-0.10963
0.043543,-0.99629,-0.074213,0.3007,0.083909,-0.95002,0.95272,0.01905,0.30324,0.13253,-0.10087,-0.10978
0.033944,-0.99664,-0.074544,0.30194,0.081328,-0.94985,0.95272,0.0097341,0.30368,0.13251,-0.10091,-0.10991
0.025018,-0.99691,-0.074479,0.30239,0.078559,-0.94994,0.95286,0.0012439,0.30342,0.1325,-0.10096,-0.11006
0.016301,-0.99708,-0.07456,0.30308,0.075989,-0.94993,0.95282,-0.0071127,0.30344,0.1325,-0.10102,-0.1102
0.0073502,-0.99721,-0.07431,0.30347,0.073032,-0.95004,0.95281,-0.015568,0.30316,0.13249,-0.10107,-0.11035
-0.0016065,-0.99719,-0.074938,0.30402,0.070904,-0.95002,0.95267,-0.024308,0.30305,0.1325,-0.10114,-0.1105
-0.010427,-0.99717,-0.074492,0.30484,0.06778,-0.94999,0.95235,-0.032614,0.30327,0.1325,-0.10119,-0.11063
-0.019655,-0.99702,-0.074653,0.30542,0.065111,-0.94999,0.95202,-0.041472,0.30323,0.13249,-0.10124,-0.11077
-0.028383,-0.99684,-0.074228,0.30579,0.062039,-0.95007,0.95167,-0.049664,0.30307,0.1325,-0.10131,-0.11093
-0.03685,-0.99653,-0.074577,0.30608,0.059786,-0.95013,0.95129,-0.057839,0.30282,0.1325,-0.10136,-0.11108
-0.04623,-0.99616,-0.074386,0.30679,0.056709,-0.95009,0.95065,-0.066743,0.30299,0.1325,-0.10141,-0.1112
-0.054539,-0.99572,-0.074639,0.30721,0.054392,-0.95009,0.95008,-0.074747,0.30292,0.13251,-0.10146,-0.11134
-0.064145,-0.99516,-0.074396,0.30766,0.051198,-0.95012,0.94933,-0.083834,0.30288,0.13252,-0.10152,-0.11149
-0.072552,-0.99457,-0.074578,0.30787,0.04879,-0.95018,0.94866,-0.091898,0.30266,0.13253,-0.10157,-0.11164
-0.081702,-0.9939,-0.07414,0.30863,0.045502,-0.95009,0.94767,-0.10051,0.30303,0.13255,-0.10162,-0.1118
-0.09008,-0.99316,-0.074332,0.30862,0.043125,-0.95021,0.94691,-0.10853,0.30263,0.13256,-0.10167,-0.11194
-0.099021,-0.99231,-0.074313,0.30879,0.040352,-0.95027,0.94596,-0.11704,0.30242,0.13258,-0.10173,-0.11208
-0.10803,-0.9914,-0.0739,0.3093,0.037127,-0.95024,0.94481,-0.12551,0.30263,0.13259,-0.10178,-0.11223
-0.11715,-0.99033,-0.074337,0.30935,0.034738,-0.95031,0.9437,-0.13433,0.30229,0.1326,-0.10183,-0.11237
-0.12571,-0.98928,-0.074362,0.30962,0.032087,-0.95032,0.94251,-0.14249,0.30227,0.13263,-0.10189,-0.11252
-0.1345,-0.98817,-0.073752,0.30974,0.028773,-0.95039,0.94126,-0.15067,0.3022,0.13265,-0.10193,-0.11267
-0.14375,-0.98679,-0.074677,0.30988,0.026781,-0.9504,0.93985,-0.15976,0.30194,0.13267,-0.10198,-0.11281
-0.15291,-0.98547,-0.073933,0.31036,0.023141,-0.95034,0.93824,-0.16826,0.30231,0.13268,-0.10204,-0.11295
-0.16079,-0.98422,-0.073855,0.3101,0.020663,-0.95048,0.93701,-0.17573,0.30188,0.13271,-0.10209,-0.11309
-0.16978,-0.98269,-0.0741,0.31017,0.018085,-0.95051,0.9354,-0.18436,0.30173,0.13272,-0.10214,-0.11322
-0.17913,-0.98104,-0.074033,0.31038,0.015056,-0.95049,0.93358,-0.19324,0.3018,0.13275,-0.1022,-0.11337
-0.18743,-0.97952,-0.073574,0.31039,0.012003,-0.95053,0.93195,-0.201,0.30178,0.13277,-0.10225,-0.11351
-0.19617,-0.97783,-0.073221,0.31038,0.0089122,-0.95057,0.93015,-0.2092,0.30176,0.13281,-0.10231,-0.11367
-0.20555,-0.97587,-0.073694,0.31057,0.0063659,-0.95053,0.92806,-0.21826,0.30177,0.13283,-0.10235,-0.1138
-0.21431,-0.97398,-0.073696,0.31059,0.0035817,-0.95054,0.92607,-0.2266,0.30174,0.13287,-0.1024,-0.11394
-0.222,-0.97223,-0.074099,0.30989,0.0017043,-0.95077,0.92449,-0.23403,0.3009,0.13291,-0.10246,-0.1141
-0.23171,-0.97003,-0.07314,0.31036,-0.0024568,-0.95062,0.92195,-0.24296,0.30162,0.13295,-0.10251,-0.11423
-0.23967,-0.96807,-0.073426,0.30974,-0.0045687,-0.95081,0.92012,-0.25063,0.30095,0.13299,-0.10257,-0.11438
-0.24891,-0.96573,-0.073547,0.30978,-0.0074362,-0.95078,0.91765,-0.25944,0.30102,0.13302,-0.10262,-0.1145
-0.25731,-0.96354,-0.073389,0.30945,-0.010212,-0.95086,0.91544,-0.26737,0.30079,0.13305,-0.10267,-0.11464
-0.26612,-0.96112,-0.073719,0.30937,-0.012729,-0.95086,0.91295,-0.27585,0.30073,0.13307,-0.10272,-0.11477
-0.27492,-0.9587,-0.072865,0.30937,-0.01645,-0.9508,0.91034,-0.28393,0.30111,0.13313,-0.10278,-0.11492
-0.28316,-0.95632,-0.072583,0.3089,-0.01929,-0.9509,0.90797,-0.29167,0.30087,0.13317,-0.10284,-0.11506
-0.29141,-0.95386,-0.072318,0.30838,-0.022111,-0.95101,0.90553,-0.29944,0.3006,0.13322,-0.10289,-0.11521
-0.30122,-0.9508,-0.072417,0.30869,-0.025373,-0.95083,0.90221,-0.30876,0.30114,0.13326,-0.10293,-0.11533
-0.30893,-0.9483,-0.072722,0.30775,-0.02732,-0.95108,0.89992,-0.3162,0.30027,0.13331,-0.10298,-0.11547
-0.31789,-0.94536,-0.072437,0.30758,-0.030555,-0.95103,0.89685,-0.3246,0.30049,0.13336,-0.10303,-0.1156
-0.32597,-0.94263,-0.072113,0.30696,-0.033386,-0.95114,0.89416,-0.33218,0.30023,0.13341,-0.10307,-0.11575
-0.33493,-0.93948,-0.072145,0.30668,-0.036294,-0.95112,0.89094,-0.34068,0.30028,0.13346,-0.10313,-0.11587
-0.34351,-0.93636,-0.072261,0.30623,-0.03894,-0.95116,0.88782,-0.34887,0.30012,0.13351,-0.10318,-0.11601
-0.35138,-0.93348,-0.071766,0.30556,-0.041886,-0.95125,0.88497,-0.35618,0.29995,0.13357,-0.10322,-0.11614
-0.36018,-0.93015,-0.071364,0.30529,-0.045239,-0.95119,0.88151,-0.36439,0.30026,0.13362,-0.10327,-0.11628
-0.36811,-0.927,-0.071834,0.30419,-0.047065,-0.95145,0.87861,-0.37209,0.29931,0.13367,-0.10332,-0.11642
-0.37685,-0.92351,-0.071476,0.30403,-0.050435,-0.95133,0.87496,-0.38024,0.29978,0.13373,-0.10337,-0.11655
-0.38479,-0.9202,-0.071907,0.30299,-0.052339,-0.95156,0.87186,-0.38793,0.29895,0.13378,-0.10342,-0.11669
-0.39378,-0.91642,-0.071526,0.3028,-0.055855,-0.95142,0.8679,-0.39631,0.29949,0.13384,-0.10347,-0.11681
-0.40178,-0.91295,-0.071422,0.30198,-0.058462,-0.95152,0.86451,-0.40387,0.29918,0.1339,-0.10352,-0.11694
-0.41009,-0.90927,-0.071054,0.30135,-0.061557,-0.95152,0.86082,-0.41162,0.29926,0.13396,-0.10357,-0.11708
-0.41824,-0.90556,-0.070968,0.30058,-0.064248,-0.95159,0.85716,-0.41933,0.29906,0.13402,-0.10361,-0.11722
-0.42637,-0.9018,-0.070474,0.29974,-0.06735,-0.95164,0.85344,-0.42688,0.29902,0.13408,-0.10366,-0.11734
-0.43425,-0.89801,-0.070809,0.29873,-0.069405,-0.95181,0.84982,-0.43447,0.2984,0.13414,-0.10372,-0.11747
-0.4431,-0.89369,-0.07056,0.29835,-0.072787,-0.95168,0.84537,-0.44274,0.29888,0.1342,-0.10376,-0.1176
-0.45072,-0.88989,-0.070304,0.29716,-0.075308,-0.95185,0.84175,-0.44991,0.29839,0.13426,-0.1038,-0.11774
-0.45886,-0.88574,-0.07005,0.2963,-0.078216,-0.95189,0.83765,-0.45754,0.29834,0.13431,-0.10384,-0.11786
-0.46706,-0.88146,-0.069856,0.29557,-0.08118,-0.95186,0.83336,-0.46523,0.29845,0.13438,-0.10389,-0.11801
-0.47505,-0.87719,-0.069776,0.29465,-0.083849,-0.95192,0.82916,-0.47276,0.2983,0.13444,-0.10395,-0.11816
-0.48285,-0.87293,-0.069621,0.29363,-0.08649,-0.952,0.82501,-0.48011,0.29808,0.13449,-0.10399,-0.1183
-0.49043,-0.86869,-0.069654,0.29229,-0.088663,-0.95221,0.821,-0.48735,0.29739,0.13455,-0.10405,-0.11846
-0.49827,-0.86427,-0.068983,0.2914,-0.091996,-0.95217,0.81659,-0.49454,0.29768,0.13461,-0.10409,-0.1186
-0.5063,-0.8596,-0.068879,0.29037,-0.094727,-0.95221,0.812,-0.50211,0.29756,0.13465,-0.10413,-0.11875
-0.51408,-0.85501,-0.068407,0.28946,-0.097856,-0.95218,0.80743,-0.50929,0.2978,0.13471,-0.10417,-0.11888
-0.52199,-0.8502,-0.068374,0.28846,-0.10053,-0.9522,0.80269,-0.51677,0.29772,0.13477,-0.10423,-0.11904
-0.52921,-0.84577,-0.067925,0.28688,-0.10302,-0.95241,0.79852,-0.52351,0.29716,0.13483,-0.10427,-0.11919
-0.53711,-0.84079,-0.067732,0.28582,-0.10586,-0.95242,0.79361,-0.53091,0.29717,0.13489,-0.10431,-0.11933
-0.54497,-0.83574,-0.067486,0.285,-0.10894,-0.95232,0.78853,-0.53822,0.29755,0.13494,-0.10436,-0.11947
-0.55244,-0.83086,-0.066977,0.28369,-0.11185,-0.95237,0.78379,-0.54513,0.29749,0.13501,-0.10442,-0.1196
-0.5602,-0.82563,-0.067149,0.28249,-0.11421,-0.95245,0.7787,-0.55253,0.29722,0.13508,-0.10446,-0.11974
-0.56758,-0.82061,-0.066758,0.28089,-0.11678,-0.95261,0.77392,-0.55944,0.29678,0.13515,-0.10449,-0.11987
-0.57521,-0.81528,-0.066688,0.27956,-0.11931,-0.95269,0.76875,-0.56664,0.29655,0.13523,-0.10453,-0.12001
-0.58268,-0.81,-0.066265,0.27815,-0.12215,-0.95274,0.76362,-0.57357,0.29648,0.13531,-0.10458,-0.12013
-0.59042,-0.80435,-0.066523,0.27697,-0.12451,-0.95278,0.75808,-0.58096,0.2963,0.13541,-0.10463,-0.12023
-0.59789,-0.79886,-0.06587,0.27619,-0.12817,-0.95252,0.75249,-0.5877,0.29727,0.13548,-0.10468,-0.12036
-0.6053,-0.7933,-0.065525,0.27479,-0.13099,-0.95254,0.74706,-0.59458,0.29728,0.13556,-0.10471,-0.12048
-0.61273,-0.78756,-0.065635,0.27359,-0.13347,-0.95254,0.74142,-0.60161,0.29725,0.13564,-0.10475,-0.12061
-0.61993,-0.78195,-0.06516,0.27207,-0.13632,-0.95257,0.73598,-0.60825,0.29726,0.13573,-0.10479,-0.12074
-0.62732,-0.77598,-0.065756,0.27054,-0.13798,-0.95277,0.73026,-0.61548,0.29649,0.13581,-0.10483,-0.12086
-0.63464,-0.77005,-0.065279,0.26903,-0.14095,-0.95276,0.72447,-0.62222,0.29662,0.13592,-0.10486,-0.12097
-0.64197,-0.76395,-0.065215,0.26831,-0.14416,-0.95248,0.71825,-0.62896,0.29752,0.13602,-0.1049,-0.12106
-0.649,-0.75802,-0.064839,0.26648,-0.14667,-0.95262,0.71259,-0.63552,0.29718,0.1361,-0.10494,-0.12119
-0.65605,-0.75194,-0.06472,0.26469,-0.14893,-0.95276,0.70678,-0.64219,0.29673,0.13619,-0.10499,-0.12132
-0.66305,-0.74577,-0.064822,0.26327,-0.15125,-0.95279,0.70076,-0.64881,0.29663,0.13627,-0.10504,-0.12144
-0.67003,-0.73948,-0.065107,0.26213,-0.15363,-0.95272,0.69451,-0.65542,0.29678,0.13636,-0.10508,-0.12156
-0.67705,-0.73306,-0.065048,0.26046,-0.15602,-0.95279,0.6883,-0.66203,0.29657,0.13647,-0.10512,-0.12166
-0.68402,-0.72657,-0.064975,0.25978,-0.15939,-0.95242,0.68164,-0.66835,0.29777,0.13659,-0.10515,-0.12173
-0.69069,-0.72024,-0.064818,0.25859,-0.16228,-0.95226,0.67534,-0.67448,0.29833,0.13667,-0.10518,-0.12185
-0.69738,-0.71373,-0.06515,0.25693,-0.16411,-0.95239,0.66906,-0.68092,0.29783,0.13676,-0.10523,-0.12197
-0.70407,-0.70708,-0.065822,0.25546,-0.1657,-0.95251,0.66259,-0.68745,0.2973,0.13686,-0.10527,-0.12208
-0.71055,-0.70058,-0.065709,0.25424,-0.16854,-0.95234,0.65611,-0.69339,0.29787,0.13695,-0.10531,-0.1222
-0.71689,-0.69406,-0.065905,0.25306,-0.17096,-0.95223,0.64964,-0.69932,0.2982,0.13705,-0.10534,-0.12232
-0.72318,-0.68747,-0.066253,0.252,-0.17334,-0.95208,0.64304,-0.70522,0.2986,0.13715,-0.10537,-0.12243
-0.72964,-0.68054,-0.066945,0.25092,-0.17538,-0.95199,0.63613,-0.71141,0.29872,0.1373,-0.1054,-0.1225
-0.73559,-0.67412,-0.066834,0.25042,-0.17893,-0.95146,0.62944,-0.71662,0.30043,0.1374,-0.10543,-0.1226
-0.74153,-0.6675,-0.067659,0.24951,-0.18075,-0.95135,0.6228,-0.72234,0.30058,0.1375,-0.10546,-0.12271
-0.7474,-0.66085,-0.06836,0.2487,-0.18288,-0.95116,0.61607,-0.7279,0.30104,0.13759,-0.10548,-0.12282
-0.7531,-0.65425,-0.069251,0.24785,-0.18463,-0.95104,0.60944,-0.73339,0.3012,0.13769,-0.1055,-0.12293
-0.75877,-0.6476,-0.069888,0.24693,-0.1867,-0.95088,0.60274,-0.73876,0.30158,0.13779,-0.10551,-0.12304
-0.76418,-0.64114,-0.070517,0.24633,-0.18905,-0.95057,0.59612,-0.74377,0.3024,0.13791,-0.10552,-0.12314
-0.76966,-0.63446,-0.071284,0.24528,-0.19075,-0.9505,0.58945,-0.74905,0.30243,0.13802,-0.10553,-0.12326
-0.77563,-0.62717,-0.071103,0.24275,-0.19242,-0.95081,0.58264,-0.75474,0.3015,0.13815,-0.10554,-0.12337
-0.78132,-0.62013,-0.070622,0.24065,-0.19491,-0.95084,0.57587,-0.7599,0.30152,0.13827,-0.10554,-0.12348
-0.78689,-0.61305,-0.070533,0.23874,-0.19703,-0.95088,0.56905,-0.76508,0.3014,0.13839,-0.10555,-0.12359
-0.79209,-0.60624,-0.071123,0.23765,-0.19897,-0.95075,0.56223,-0.76999,0.30168,0.13851,-0.10556,-0.1237
-0.79713,-0.59954,-0.071621,0.23652,-0.20091,-0.95063,0.55555,-0.77471,0.30196,0.13863,-0.10555,-0.1238
-0.80215,-0.59278,-0.071919,0.2353,-0.20308,-0.95047,0.54882,-0.77934,0.30238,0.13876,-0.10556,-0.1239
-0.80698,-0.58608,-0.072766,0.23435,-0.20468,-0.95036,0.5421,-0.78397,0.30252,0.13887,-0.10556,-0.124
-0.81179,-0.57936,-0.073082,0.23314,-0.20681,-0.9502,0.53539,-0.7884,0.30296,0.13899,-0.10557,-0.12409
-0.81669,-0.57231,-0.07399,0.23186,-0.20801,-0.95025,0.52845,-0.79321,0.30258,0.13913,-0.10557,-0.12418
-0.82152,-0.56539,-0.073725,0.23096,-0.21175,-0.94964,0.52131,-0.79718,0.30454,0.1393,-0.1056,-0.12416
-0.82654,-0.55798,-0.074164,0.2288,-0.21266,-0.94996,0.51428,-0.80214,0.30344,0.13942,-0.10561,-0.12427
-0.83155,-0.5505,-0.074017,0.22663,-0.21459,-0.95005,0.50712,-0.80678,0.3032,0.13955,-0.10562,-0.12437
-0.83651,-0.54294,-0.074021,0.22435,-0.21611,-0.95024,0.49992,-0.81149,0.30259,0.13967,-0.10564,-0.12448
-0.84184,-0.5347,-0.07346,0.22105,-0.21741,-0.95072,0.49238,-0.81659,0.30123,0.13981,-0.10566,-0.12457
-0.84675,-0.52692,-0.073255,0.21864,-0.21916,-0.95088,0.48498,-0.82117,0.30078,0.13993,-0.10568,-0.12468
-0.85127,-0.51957,-0.073452,0.21689,-0.22092,-0.95087,0.47782,-0.82537,0.30075,0.14004,-0.10569,-0.12477
-0.85582,-0.512,-0.073646,0.21478,-0.22221,-0.95105,0.47057,-0.82975,0.30014,0.14017,-0.10571,-0.12485
-0.86029,-0.50444,-0.073762,0.21277,-0.22379,-0.95113,0.46328,-0.83394,0.29985,0.14029,-0.10572,-0.12494
-0.86432,-0.49749,-0.073903,0.21149,-0.22618,-0.95085,0.45632,-0.83746,0.30071,0.14041,-0.10574,-0.12502
-0.86875,-0.48966,-0.074231,0.2093,-0.22716,-0.9511,0.44885,-0.84181,0.29983,0.14053,-0.10576,-0.12511
-0.87286,-0.48221,-0.074719,0.2076,-0.2284,-0.95118,0.4416,-0.84576,0.29947,0.14065,-0.10578,-0.12519
-0.87713,-0.47443,-0.074629,0.20535,-0.23001,-0.95128,0.43414,-0.84971,0.29917,0.14078,-0.1058,-0.12528
-0.88116,-0.46687,-0.074721,0.2035,-0.23183,-0.95123,0.42678,-0.8534,0.29929,0.14091,-0.10582,-0.12536
-0.88516,-0.45924,-0.074759,0.2014,-0.23333,-0.95131,0.41943,-0.85712,0.29902,0.14104,-0.10584,-0.12543
-0.8891,-0.45162,-0.074373,0.1992,-0.2355,-0.95124,0.41209,-0.86057,0.29935,0.14116,-0.10586,-0.12551
-0.89298,-0.44381,-0.074952,0.19729,-0.23629,-0.95144,0.40455,-0.86441,0.29856,0.14129,-0.10588,-0.12559
-0.89673,-0.43627,-0.074487,0.19514,-0.23867,-0.95129,0.39724,-0.86759,0.29916,0.14141,-0.1059,-0.12566
-0.90037,-0.42865,-0.074851,0.19338,-0.24008,-0.9513,0.3898,-0.87099,0.29906,0.14154,-0.10592,-0.12573
-0.90476,-0.41947,-0.073922,0.19063,-0.24359,-0.95096,0.38089,-0.87448,0.30035,0.14177,-0.10598,-0.12567
-0.90857,-0.41128,-0.07316,0.18773,-0.24554,-0.95103,0.37318,-0.87781,0.3003,0.14188,-0.106,-0.12572
-0.91218,-0.40316,-0.073426,0.18561,-0.24672,-0.95115,0.36535,-0.88124,0.29989,0.142,-0.10602,-0.1258
