-0.43815,0.6533,-0.61743,0.88938,0.21534,-0.40329,-0.13051,-0.72583,-0.67538,-0.024504,0.080155,-0.18506
-0.43815,0.65331,-0.61742,0.88938,0.21534,-0.40329,-0.13052,-0.72582,-0.67539,-0.024502,0.080155,-0.18506
-0.43815,0.6533,-0.61743,0.88938,0.21534,-0.40329,-0.13051,-0.72583,-0.67538,-0.024504,0.080155,-0.18506
-0.43815,0.6533,-0.61743,0.88938,0.21534,-0.40329,-0.13051,-0.72583,-0.67538,-0.024504,0.080155,-0.18506
-0.43815,0.6533,-0.61743,0.88938,0.21534,-0.40329,-0.13051,-0.72583,-0.67538,-0.024504,0.080155,-0.18506
-0.43815,0.65336,-0.61737,0.88938,0.21537,-0.40327,-0.13051,-0.72577,-0.67544,-0.024504,0.080155,-0.18506
-0.43815,0.65337,-0.61736,0.88938,0.21537,-0.40327,-0.13052,-0.72576,-0.67545,-0.024501,0.080155,-0.18506
-0.43815,0.65325,-0.61748,0.88938,0.21531,-0.4033,-0.13051,-0.72588,-0.67533,-0.024504,0.080155,-0.18506
-0.43815,0.65325,-0.61748,0.88938,0.21531,-0.4033,-0.13051,-0.72588,-0.67533,-0.024504,0.080155,-0.18506
-0.43815,0.65336,-0.61737,0.88938,0.21537,-0.40327,-0.13051,-0.72577,-0.67544,-0.024504,0.080155,-0.18506
-0.43815,0.65336,-0.61737,0.88938,0.21537,-0.40327,-0.13052,-0.72576,-0.67545,-0.024502,0.080155,-0.18506
-0.43815,0.65325,-0.61748,0.88938,0.21531,-0.4033,-0.13051,-0.72588,-0.67533,-0.024504,0.080155,-0.18506
-0.43815,0.65336,-0.61737,0.88938,0.21537,-0.40327,-0.13052,-0.72576,-0.67545,-0.024502,0.080155,-0.18506
-0.43815,0.65325,-0.61748,0.88938,0.21531,-0.4033,-0.13051,-0.72588,-0.67533,-0.024504,0.080154,-0.18506
-0.43815,0.65336,-0.61737,0.88938,0.21537,-0.40327,-0.13051,-0.72577,-0.67544,-0.024504,0.080154,-0.18506
-0.43815,0.65337,-0.61736,0.88938,0.21537,-0.40327,-0.13052,-0.72576,-0.67545,-0.024501,0.080154,-0.18506
-0.43815,0.65336,-0.61737,0.88938,0.21537,-0.40327,-0.13052,-0.72576,-0.67545,-0.024502,0.080154,-0.18506
-0.43815,0.65337,-0.61736,0.88938,0.21537,-0.40327,-0.13052,-0.72576,-0.67545,-0.024501,0.080154,-0.18506
-0.43799,0.65324,-0.61761,0.88945,0.21516,-0.40321,-0.1305,-0.72594,-0.67527,-0.024503,0.080153,-0.18506
-0.43815,0.65326,-0.61747,0.88938,0.21531,-0.4033,-0.13052,-0.72588,-0.67533,-0.024502,0.080154,-0.18506
-0.43815,0.65326,-0.61747,0.88938,0.21531,-0.4033,-0.13052,-0.72588,-0.67533,-0.024502,0.080154,-0.18506
-0.43815,0.65336,-0.61737,0.88938,0.21537,-0.40327,-0.13052,-0.72576,-0.67545,-0.024502,0.080154,-0.18506
-0.43815,0.65336,-0.61737,0.88938,0.21537,-0.40327,-0.13052,-0.72576,-0.67545,-0.024502,0.080154,-0.18506
-0.43815,0.65336,-0.61737,0.88938,0.21537,-0.40327,-0.13052,-0.72576,-0.67545,-0.024502,0.080154,-0.18506
-0.43815,0.65326,-0.61747,0.88938,0.21531,-0.4033,-0.13052,-0.72588,-0.67533,-0.024502,0.080154,-0.18506
-0.43815,0.65336,-0.61737,0.88938,0.21537,-0.40327,-0.13052,-0.72576,-0.67545,-0.024502,0.080154,-0.18506
-0.43815,0.65336,-0.61737,0.88938,0.21537,-0.40327,-0.13052,-0.72576,-0.67545,-0.024502,0.080154,-0.18506
-0.43815,0.65327,-0.61747,0.88938,0.21531,-0.4033,-0.13052,-0.72587,-0.67533,-0.024501,0.080154,-0.18506
-0.43815,0.65326,-0.61747,0.88938,0.21531,-0.4033,-0.13052,-0.72588,-0.67533,-0.024502,0.080154,-0.18506
-0.43815,0.65327,-0.61747,0.88938,0.21531,-0.4033,-0.13052,-0.72587,-0.67533,-0.024501,0.080154,-0.18506
-0.43815,0.65326,-0.61747,0.88938,0.21531,-0.4033,-0.13052,-0.72588,-0.67533,-0.024502,0.080154,-0.18506
-0.43784,0.65333,-0.61763,0.88953,0.21509,-0.40307,-0.1305,-0.72588,-0.67533,-0.024501,0.080153,-0.18506
-0.43815,0.65337,-0.61736,0.88938,0.21537,-0.40327,-0.13052,-0.72575,-0.67546,-0.024499,0.080154,-0.18506
-0.43815,0.65337,-0.61736,0.88938,0.21537,-0.40327,-0.13052,-0.72575,-0.67546,-0.024499,0.080154,-0.18506
-0.43815,0.65326,-0.61747,0.88938,0.21531,-0.4033,-0.13052,-0.72588,-0.67533,-0.024502,0.080154,-0.18506
-0.43815,0.65326,-0.61747,0.88938,0.21531,-0.4033,-0.13052,-0.72588,-0.67533,-0.024502,0.080154,-0.18506
-0.43815,0.65336,-0.61737,0.88938,0.21537,-0.40327,-0.13052,-0.72576,-0.67545,-0.024502,0.080154,-0.18506
-0.43815,0.65337,-0.61736,0.88938,0.21537,-0.40327,-0.13052,-0.72576,-0.67545,-0.024501,0.080154,-0.18506
-0.43815,0.65327,-0.61747,0.88938,0.21531,-0.4033,-0.13052,-0.72587,-0.67533,-0.024501,0.080154,-0.18506
-0.43815,0.65327,-0.61746,0.88938,0.21531,-0.4033,-0.13052,-0.72587,-0.67534,-0.024499,0.080154,-0.18506
-0.43815,0.65327,-0.61747,0.88938,0.21531,-0.4033,-0.13052,-0.72587,-0.67533,-0.024501,0.080154,-0.18506
-0.43815,0.65327,-0.61746,0.88938,0.21531,-0.4033,-0.13052,-0.72587,-0.67534,-0.024499,0.080154,-0.18506
-0.43815,0.65337,-0.61736,0.88938,0.21537,-0.40327,-0.13052,-0.72575,-0.67546,-0.024499,0.080154,-0.18506
-0.43815,0.65337,-0.61736,0.88938,0.21537,-0.40327,-0.13052,-0.72575,-0.67546,-0.024499,0.080154,-0.18506
-0.43815,0.65327,-0.61746,0.88938,0.21531,-0.4033,-0.13052,-0.72587,-0.67534,-0.024499,0.080154,-0.18506
-0.43815,0.65327,-0.61746,0.88938,0.21531,-0.4033,-0.13052,-0.72587,-0.67534,-0.024499,0.080154,-0.18506
-0.43815,0.65322,-0.61752,0.88938,0.21527,-0.40332,-0.13052,-0.72593,-0.67528,-0.024501,0.080154,-0.18506
-0.43815,0.65322,-0.61752,0.88938,0.21527,-0.40332,-0.13052,-0.72592,-0.67528,-0.024499,0.080154,-0.18506
-0.43815,0.65322,-0.61752,0.88938,0.21527,-0.40332,-0.13052,-0.72592,-0.67528,-0.024499,0.080154,-0.18506
-0.43815,0.65322,-0.61752,0.88938,0.21527,-0.40332,-0.13052,-0.72593,-0.67528,-0.024501,0.080154,-0.18506
-0.43815,0.65322,-0.61752,0.88938,0.21527,-0.40332,-0.13052,-0.72593,-0.67528,-0.024501,0.080154,-0.18506
-0.43815,0.65322,-0.61752,0.88938,0.21527,-0.40332,-0.13052,-0.72592,-0.67528,-0.024499,0.080153,-0.18506
-0.43816,0.65308,-0.61767,0.88936,0.21511,-0.40344,-0.13061,-0.7261,-0.67507,-0.024563,0.080159,-0.18505
-0.43825,0.65288,-0.61781,0.88938,0.21544,-0.40323,-0.13016,-0.72618,-0.67507,-0.024687,0.080174,-0.18505
-0.43834,0.6524,-0.61825,0.88937,0.21541,-0.40326,-0.12991,-0.72662,-0.67464,-0.024878,0.080202,-0.18505
-0.4383,0.65286,-0.6178,0.88932,0.2153,-0.40342,-0.13037,-0.72624,-0.67497,-0.02499,0.080246,-0.18509
-0.43833,0.65253,-0.61812,0.88933,0.21525,-0.40342,-0.13019,-0.72655,-0.67467,-0.025127,0.080319,-0.18515
-0.43843,0.6528,-0.61776,0.88925,0.21532,-0.40358,-0.13044,-0.72629,-0.6749,-0.025227,0.080414,-0.18523
-0.43876,0.65279,-0.61753,0.88911,0.21578,-0.40363,-0.13024,-0.72616,-0.67508,-0.025359,0.080513,-0.18531
-0.43871,0.65287,-0.61749,0.88912,0.21567,-0.40368,-0.13037,-0.72612,-0.6751,-0.025479,0.08062,-0.18539
-0.43865,0.65279,-0.61762,0.8891,0.2153,-0.40391,-0.13069,-0.7263,-0.67484,-0.025594,0.080718,-0.18546
-0.43861,0.65278,-0.61766,0.88912,0.21522,-0.40392,-0.13074,-0.72634,-0.67479,-0.025709,0.080832,-0.18556
-0.43854,0.6529,-0.61758,0.8891,0.21496,-0.4041,-0.13108,-0.7263,-0.67476,-0.025777,0.080916,-0.18564
-0.43864,0.65281,-0.61761,0.88903,0.21483,-0.40433,-0.13127,-0.72642,-0.67459,-0.025851,0.081016,-0.18573
-0.43862,0.65271,-0.61772,0.88907,0.21492,-0.40419,-0.13106,-0.72648,-0.67457,-0.025907,0.081108,-0.1858
-0.43886,0.6529,-0.61735,0.88891,0.21507,-0.40445,-0.13129,-0.72627,-0.67476,-0.025963,0.081203,-0.18588
-0.43881,0.65292,-0.61737,0.88893,0.21497,-0.40447,-0.13137,-0.72628,-0.67473,-0.026018,0.081289,-0.18594
-0.43877,0.6528,-0.61752,0.88895,0.21491,-0.40445,-0.13131,-0.7264,-0.67461,-0.026074,0.081376,-0.18601
-0.43871,0.6527,-0.61767,0.88895,0.21459,-0.40463,-0.13156,-0.72659,-0.67436,-0.026127,0.081453,-0.18607
-0.43868,0.65266,-0.61773,0.88898,0.21466,-0.40451,-0.13141,-0.7266,-0.67437,-0.026168,0.081535,-0.18613
-0.43861,0.65256,-0.61789,0.88898,0.21431,-0.4047,-0.13167,-0.7268,-0.67411,-0.026208,0.081615,-0.18619
-0.43867,0.65255,-0.61786,0.88888,0.21401,-0.40507,-0.1321,-0.7269,-0.67392,-0.026251,0.081692,-0.18626
-0.43864,0.65243,-0.618,0.88892,0.21403,-0.40498,-0.13195,-0.727,-0.67384,-0.026286,0.081778,-0.18633
-0.43857,0.65255,-0.61793,0.88891,0.21378,-0.40513,-0.13227,-0.72696,-0.67382,-0.026321,0.08185,-0.18639
-0.43868,0.65243,-0.61798,0.88885,0.21379,-0.40526,-0.13229,-0.72707,-0.6737,-0.026357,0.081932,-0.18646
-0.43864,0.65237,-0.61807,0.88884,0.21354,-0.40542,-0.1325,-0.7272,-0.67352,-0.026362,0.081941,-0.18646
-0.43864,0.65234,-0.61809,0.88885,0.21355,-0.4054,-0.13246,-0.72721,-0.67351,-0.026368,0.081947,-0.18646
-0.43863,0.65229,-0.61816,0.88888,0.21365,-0.40528,-0.13229,-0.72723,-0.67352,-0.026393,0.082016,-0.18653
-0.43863,0.65228,-0.61817,0.88888,0.21367,-0.40526,-0.13226,-0.72724,-0.67352,-0.026397,0.082022,-0.18653
-0.43862,0.65224,-0.61822,0.88891,0.21374,-0.40516,-0.13213,-0.72725,-0.67354,-0.026422,0.082093,-0.18662
-0.43858,0.65231,-0.61817,0.8889,0.21361,-0.40526,-0.13231,-0.72723,-0.67352,-0.026439,0.082129,-0.18666
-0.43883,0.65208,-0.61824,0.88879,0.21373,-0.40544,-0.13225,-0.7274,-0.67335,-0.026517,0.082293,-0.18681
-0.43875,0.65207,-0.61831,0.88878,0.21341,-0.40561,-0.13253,-0.7275,-0.67318,-0.026552,0.082388,-0.18691
-0.4387,0.65209,-0.61832,0.8888,0.21336,-0.4056,-0.13256,-0.7275,-0.67318,-0.026593,0.082489,-0.18702
-0.43863,0.65197,-0.6185,0.88881,0.21306,-0.40574,-0.13275,-0.7277,-0.67293,-0.026621,0.082568,-0.1871
-0.43859,0.65197,-0.61853,0.88883,0.21304,-0.40569,-0.13272,-0.7277,-0.67293,-0.026668,0.082684,-0.18722
-0.43896,0.65191,-0.61833,0.8886,0.21307,-0.40619,-0.13305,-0.72775,-0.67281,-0.026692,0.08278,-0.18731
-0.4389,0.6519,-0.61838,0.88862,0.21296,-0.4062,-0.13311,-0.72779,-0.67276,-0.026711,0.082873,-0.1874
-0.43882,0.65195,-0.61838,0.88864,0.21281,-0.40623,-0.13324,-0.72778,-0.67274,-0.026735,0.08298,-0.1875
-0.43875,0.65189,-0.6185,0.88868,0.21273,-0.40619,-0.13322,-0.72786,-0.67266,-0.026759,0.083102,-0.18761
-0.43868,0.65181,-0.61863,0.88871,0.21261,-0.40619,-0.13323,-0.72797,-0.67254,-0.026786,0.083211,-0.18771
-0.43846,0.65171,-0.6189,0.88883,0.21239,-0.40604,-0.13318,-0.72813,-0.67238,-0.026812,0.083328,-0.18781
-0.43866,0.65169,-0.61878,0.8887,0.21237,-0.40635,-0.1334,-0.72815,-0.67231,-0.026836,0.083453,-0.18791
-0.43858,0.65172,-0.6188,0.88872,0.21222,-0.40638,-0.13353,-0.72817,-0.67227,-0.026869,0.083572,-0.18803
-0.43861,0.65168,-0.61881,0.88865,0.21194,-0.40667,-0.13387,-0.72828,-0.67208,-0.026896,0.08369,-0.18812
-0.43887,0.65175,-0.61856,0.88856,0.2124,-0.40663,-0.13364,-0.72808,-0.67234,-0.026928,0.083829,-0.18822
-0.43879,0.65165,-0.61872,0.88861,0.21235,-0.40654,-0.13354,-0.72819,-0.67224,-0.026965,0.08397,-0.18834
-0.43867,0.6515,-0.61896,0.88866,0.21208,-0.40658,-0.13362,-0.7284,-0.67199,-0.026998,0.084117,-0.18842
-0.43871,0.65139,-0.61905,0.88862,0.21193,-0.40675,-0.13375,-0.72855,-0.67181,-0.02703,0.084271,-0.18854
-0.43857,0.65138,-0.61916,0.88866,0.21164,-0.40681,-0.13395,-0.72864,-0.67167,-0.027059,0.084421,-0.18863
-0.43892,0.65133,-0.61897,0.88846,0.21177,-0.40717,-0.13412,-0.72865,-0.67163,-0.027084,0.08457,-0.18874
-0.43881,0.65123,-0.61915,0.88852,0.21163,-0.40712,-0.1341,-0.72877,-0.6715,-0.027111,0.084724,-0.18884
-0.43855,0.65123,-0.61934,0.88861,0.21117,-0.40717,-0.13437,-0.72891,-0.67129,-0.027116,0.084803,-0.18888
-0.43879,0.65127,-0.61912,0.88851,0.21154,-0.40719,-0.13422,-0.72877,-0.67148,-0.027112,0.084879,-0.18887
-0.43869,0.65122,-0.61925,0.88854,0.21132,-0.40723,-0.13433,-0.72887,-0.67134,-0.027111,0.084962,-0.18889
-0.43876,0.65122,-0.61919,0.8885,0.21138,-0.40728,-0.13434,-0.72886,-0.67136,-0.027113,0.085048,-0.18892
-0.43869,0.6511,-0.61937,0.88854,0.21121,-0.4073,-0.13437,-0.72901,-0.67118,-0.027113,0.085128,-0.18895
-0.43894,0.65116,-0.61913,0.88842,0.21153,-0.40738,-0.13431,-0.72887,-0.67135,-0.027114,0.085219,-0.18901
-0.43888,0.6512,-0.61913,0.88847,0.21158,-0.40726,-0.13421,-0.72881,-0.67143,-0.027122,0.085313,-0.18908
-0.4388,0.65115,-0.61924,0.8885,0.21145,-0.40725,-0.13424,-0.7289,-0.67133,-0.027124,0.085415,-0.18916
-0.43901,0.65119,-0.61905,0.88836,0.21148,-0.40753,-0.13446,-0.72886,-0.67133,-0.027121,0.085508,-0.18922
-0.43893,0.65121,-0.61909,0.8884,0.21138,-0.40752,-0.13451,-0.72887,-0.67131,-0.027116,0.085603,-0.18929
-0.43884,0.65123,-0.61914,0.88844,0.2113,-0.40746,-0.13452,-0.72887,-0.6713,-0.027112,0.085708,-0.18936
-0.43887,0.65119,-0.61915,0.88841,0.21124,-0.40756,-0.13461,-0.72893,-0.67123,-0.027109,0.08583,-0.18942
-0.43875,0.6511,-0.61933,0.88843,0.21087,-0.4077,-0.13485,-0.72912,-0.67097,-0.027107,0.085937,-0.18948
-0.43876,0.65108,-0.61934,0.8884,0.21072,-0.40785,-0.13504,-0.72917,-0.67088,-0.027107,0.086073,-0.18956
-0.43865,0.65104,-0.61946,0.8884,0.2103,-0.40807,-0.13539,-0.72933,-0.67063,-0.027105,0.086149,-0.18961
-0.43873,0.65106,-0.61938,0.88835,0.21034,-0.40814,-0.13544,-0.7293,-0.67066,-0.027102,0.086238,-0.18966
-0.43895,0.65111,-0.61918,0.88824,0.21056,-0.40828,-0.13546,-0.7292,-0.67076,-0.027101,0.086341,-0.18972
-0.43881,0.65107,-0.61932,0.88825,0.21009,-0.4085,-0.13585,-0.72937,-0.6705,-0.027104,0.086439,-0.18977
-0.43871,0.65109,-0.61937,0.88828,0.2099,-0.40854,-0.13599,-0.7294,-0.67043,-0.027105,0.086536,-0.18983
-0.43862,0.65107,-0.61945,0.88834,0.20986,-0.40843,-0.13592,-0.72943,-0.67042,-0.027103,0.086637,-0.18985
-0.43867,0.65105,-0.61944,0.88829,0.20978,-0.40858,-0.13607,-0.72947,-0.67034,-0.027105,0.086728,-0.18989
-0.43886,0.65114,-0.61921,0.88815,0.20976,-0.4089,-0.13637,-0.7294,-0.67036,-0.027105,0.086818,-0.18993
-0.43878,0.65112,-0.61928,0.88818,0.20965,-0.40887,-0.13639,-0.72944,-0.67031,-0.027106,0.086904,-0.18997
-0.43864,0.65107,-0.61944,0.88819,0.20915,-0.40911,-0.1368,-0.72963,-0.67002,-0.027101,0.087006,-0.19004
-0.43869,0.65117,-0.6193,0.88818,0.20932,-0.40906,-0.13674,-0.72949,-0.67018,-0.027092,0.087129,-0.19009
-0.43851,0.6511,-0.6195,0.88819,0.20872,-0.40934,-0.13722,-0.72973,-0.66983,-0.027086,0.087245,-0.19014
-0.43857,0.65116,-0.6194,0.88816,0.20882,-0.40934,-0.13721,-0.72965,-0.66992,-0.027079,0.087368,-0.19022
-0.43856,0.65119,-0.61937,0.8881,0.20847,-0.40966,-0.13765,-0.72972,-0.66974,-0.027063,0.087483,-0.1903
-0.43875,0.65118,-0.61925,0.88791,0.20814,-0.41023,-0.13824,-0.72983,-0.66951,-0.027055,0.087536,-0.19035
-0.43872,0.65127,-0.61917,0.88797,0.20843,-0.40995,-0.13794,-0.72966,-0.66975,-0.027044,0.087611,-0.19039
-0.43859,0.65127,-0.61925,0.88798,0.20803,-0.41013,-0.13828,-0.72977,-0.66956,-0.027028,0.087692,-0.19043
-0.43847,0.65134,-0.61927,0.88801,0.20781,-0.41018,-0.13848,-0.72977,-0.66952,-0.027002,0.087789,-0.19049
-0.43865,0.65147,-0.61901,0.88789,0.20788,-0.41041,-0.13869,-0.72964,-0.66962,-0.026978,0.087903,-0.19057
-0.43851,0.65151,-0.61906,0.88791,0.20751,-0.41056,-0.13903,-0.72971,-0.66948,-0.026952,0.087997,-0.19062
-0.43841,0.65152,-0.61913,0.88794,0.20734,-0.41057,-0.13913,-0.72975,-0.66941,-0.026926,0.088106,-0.19071
-0.43835,0.65165,-0.61903,0.88798,0.20741,-0.41046,-0.13909,-0.72962,-0.66956,-0.026891,0.088173,-0.19078
-0.43858,0.65177,-0.61875,0.88783,0.2075,-0.41073,-0.13931,-0.72948,-0.66966,-0.026867,0.088224,-0.19081
-0.43848,0.65181,-0.61877,0.88783,0.2072,-0.41087,-0.1396,-0.72953,-0.66955,-0.026844,0.088284,-0.19085
-0.43838,0.65186,-0.61879,0.88786,0.20705,-0.41089,-0.13972,-0.72952,-0.66953,-0.026812,0.088365,-0.1909
-0.43845,0.65205,-0.61854,0.88782,0.20719,-0.41091,-0.13977,-0.72931,-0.66975,-0.026775,0.088451,-0.19097
-0.43828,0.65218,-0.61852,0.88782,0.20668,-0.41118,-0.14032,-0.72935,-0.6696,-0.026735,0.088533,-0.19103
-0.43847,0.65236,-0.6182,0.88767,0.20669,-0.41148,-0.14066,-0.72918,-0.6697,-0.026691,0.088607,-0.19108
-0.43839,0.65254,-0.61806,0.88769,0.20664,-0.41146,-0.14078,-0.72903,-0.66985,-0.026657,0.088707,-0.19122
-0.43827,0.65265,-0.61803,0.88771,0.20641,-0.41155,-0.14103,-0.729,-0.66983,-0.026597,0.08877,-0.19127
-0.43822,0.65274,-0.61797,0.88772,0.20635,-0.41154,-0.14112,-0.72893,-0.66988,-0.026573,0.088814,-0.1913
-0.43798,0.65281,-0.61807,0.8878,0.206,-0.41155,-0.14134,-0.72897,-0.66979,-0.026543,0.088858,-0.19134
-0.43802,0.65281,-0.61804,0.88772,0.20571,-0.41187,-0.14173,-0.72906,-0.66962,-0.026498,0.088908,-0.19138
-0.43811,0.65298,-0.6178,0.88768,0.20589,-0.41188,-0.14175,-0.72886,-0.66983,-0.026441,0.088966,-0.19142
-0.43802,0.65317,-0.61766,0.88769,0.2058,-0.41188,-0.14192,-0.72871,-0.66996,-0.026379,0.08902,-0.19148
-0.43806,0.65335,-0.61745,0.88762,0.20568,-0.41209,-0.14224,-0.72858,-0.67003,-0.026309,0.089082,-0.19154
-0.43794,0.6535,-0.61738,0.88763,0.20544,-0.41219,-0.14253,-0.72852,-0.67003,-0.026243,0.08915,-0.19162
-0.43795,0.65377,-0.61708,0.88755,0.2052,-0.41249,-0.14305,-0.72834,-0.67012,-0.026155,0.089204,-0.19168
-0.43782,0.65399,-0.61694,0.88755,0.20493,-0.41263,-0.14343,-0.72822,-0.67017,-0.026068,0.089262,-0.19175
-0.43789,0.65426,-0.6166,0.8875,0.20508,-0.41266,-0.14353,-0.72793,-0.67046,-0.02599,0.089332,-0.19184
-0.43776,0.65447,-0.61647,0.8875,0.20482,-0.41278,-0.14389,-0.72782,-0.6705,-0.025903,0.089381,-0.19189
-0.4378,0.65462,-0.61628,0.88745,0.20478,-0.41292,-0.14411,-0.72769,-0.67059,-0.025821,0.08945,-0.19197
-0.43765,0.65484,-0.61615,0.88744,0.20439,-0.41312,-0.1446,-0.7276,-0.67059,-0.025726,0.08951,-0.19204
-0.43771,0.65511,-0.61582,0.8874,0.20455,-0.41314,-0.14469,-0.72732,-0.67088,-0.025645,0.08957,-0.1921
-0.43759,0.65513,-0.61589,0.88741,0.20421,-0.41328,-0.14498,-0.72739,-0.67073,-0.025569,0.089636,-0.19216
-0.43759,0.65526,-0.61575,0.88733,0.20389,-0.41361,-0.14547,-0.72736,-0.67066,-0.025487,0.089728,-0.19228
-0.43751,0.65558,-0.61547,0.88735,0.20397,-0.41352,-0.14556,-0.72706,-0.67097,-0.025406,0.089764,-0.19231
-0.43757,0.65549,-0.61552,0.88733,0.20398,-0.41357,-0.14554,-0.72713,-0.67089,-0.025397,0.089833,-0.19228
-0.43767,0.65549,-0.61545,0.88733,0.20434,-0.41339,-0.14521,-0.72704,-0.67107,-0.025389,0.08991,-0.19225
-0.43759,0.65544,-0.61556,0.88738,0.20428,-0.41331,-0.14515,-0.72709,-0.67102,-0.025386,0.089979,-0.19221
-0.43766,0.65542,-0.61553,0.88735,0.20434,-0.41335,-0.14514,-0.72709,-0.67102,-0.025384,0.090039,-0.19218
-0.43786,0.65536,-0.61545,0.88723,0.20436,-0.4136,-0.14528,-0.72714,-0.67094,-0.025381,0.0901,-0.19215
