-0.3749,0.63106,-0.67913,0.91662,0.14263,-0.37346,-0.13881,-0.76251,-0.63191,-0.024349,0.079146,-0.18551
-0.37492,0.63112,-0.67906,0.91665,0.14292,-0.37327,-0.13853,-0.7624,-0.6321,-0.024351,0.079151,-0.18551
-0.37492,0.6309,-0.67926,0.91665,0.14279,-0.37332,-0.13853,-0.76261,-0.63185,-0.024353,0.079147,-0.18551
-0.37492,0.6309,-0.67926,0.91665,0.14279,-0.37332,-0.13853,-0.76261,-0.63185,-0.024354,0.079151,-0.18551
-0.37492,0.63091,-0.67926,0.91665,0.14279,-0.37332,-0.13854,-0.76261,-0.63186,-0.024354,0.079153,-0.18552
-0.37492,0.63091,-0.67926,0.91665,0.14279,-0.37332,-0.13854,-0.76261,-0.63186,-0.024354,0.079154,-0.18552
-0.37492,0.6309,-0.67926,0.91665,0.14279,-0.37332,-0.13853,-0.76261,-0.63185,-0.024353,0.079151,-0.18552
-0.37492,0.6309,-0.67926,0.91665,0.14279,-0.37332,-0.13853,-0.76261,-0.63185,-0.024357,0.079155,-0.18552
-0.37492,0.6309,-0.67926,0.91665,0.14279,-0.37332,-0.13853,-0.76261,-0.63185,-0.024358,0.079156,-0.18552
-0.37492,0.6309,-0.67926,0.91665,0.14279,-0.37332,-0.13853,-0.76261,-0.63185,-0.024358,0.079154,-0.18552
-0.37492,0.6309,-0.67926,0.91665,0.14279,-0.37332,-0.13853,-0.76261,-0.63185,-0.024356,0.079158,-0.18552
-0.37492,0.6309,-0.67926,0.91665,0.14279,-0.37332,-0.13853,-0.76261,-0.63185,-0.024355,0.079156,-0.18552
-0.37492,0.63091,-0.67926,0.91665,0.14279,-0.37332,-0.13854,-0.76261,-0.63186,-0.024356,0.079156,-0.18552
-0.37492,0.63091,-0.67926,0.91665,0.14279,-0.37332,-0.13854,-0.76261,-0.63186,-0.024357,0.07916,-0.18552
-0.37492,0.6309,-0.67926,0.91665,0.14279,-0.37332,-0.13853,-0.76261,-0.63185,-0.024358,0.079158,-0.18552
-0.37492,0.6309,-0.67926,0.91665,0.14279,-0.37332,-0.13853,-0.76261,-0.63185,-0.024362,0.07916,-0.18552
-0.37492,0.6309,-0.67926,0.91665,0.14279,-0.37332,-0.13853,-0.76261,-0.63185,-0.024359,0.079161,-0.18552
-0.37492,0.6309,-0.67926,0.91665,0.14279,-0.37332,-0.13853,-0.76261,-0.63185,-0.024364,0.079162,-0.18552
-0.37492,0.6309,-0.67926,0.91665,0.14279,-0.37332,-0.13853,-0.76261,-0.63185,-0.024364,0.079164,-0.18552
-0.37492,0.6309,-0.67926,0.91665,0.14279,-0.37332,-0.13853,-0.76261,-0.63185,-0.024364,0.079166,-0.18552
-0.3749,0.63106,-0.67913,0.91662,0.14263,-0.37346,-0.13881,-0.76251,-0.63191,-0.024363,0.079166,-0.18552
-0.3749,0.63105,-0.67914,0.91662,0.14263,-0.37346,-0.1388,-0.76251,-0.63191,-0.02436,0.079162,-0.18552
-0.3749,0.63106,-0.67913,0.91662,0.14263,-0.37346,-0.13881,-0.76251,-0.63191,-0.024357,0.079159,-0.18552
-0.3749,0.63105,-0.67914,0.91662,0.14263,-0.37346,-0.1388,-0.76252,-0.6319,-0.024361,0.079165,-0.18552
-0.3749,0.63106,-0.67913,0.91662,0.14263,-0.37346,-0.13881,-0.76251,-0.63191,-0.024359,0.079166,-0.18552
-0.3749,0.63105,-0.67914,0.91662,0.14263,-0.37346,-0.1388,-0.76252,-0.6319,-0.024363,0.079166,-0.18552
-0.3749,0.63105,-0.67914,0.91662,0.14263,-0.37346,-0.1388,-0.76252,-0.6319,-0.024366,0.079168,-0.18552
-0.3749,0.63106,-0.67913,0.91662,0.14263,-0.37346,-0.13881,-0.76251,-0.63191,-0.024363,0.079167,-0.18553
-0.3749,0.63106,-0.67913,0.91662,0.14263,-0.37346,-0.13881,-0.76251,-0.63191,-0.024364,0.079171,-0.18553
-0.3749,0.63105,-0.67914,0.91662,0.14263,-0.37346,-0.1388,-0.76252,-0.6319,-0.024369,0.079171,-0.18553
-0.3749,0.63106,-0.67913,0.91662,0.14263,-0.37346,-0.13881,-0.76251,-0.63191,-0.024366,0.079178,-0.18553
-0.3749,0.63105,-0.67914,0.91662,0.14263,-0.37346,-0.1388,-0.76251,-0.63191,-0.024371,0.079183,-0.18553
-0.3749,0.63106,-0.67913,0.91662,0.14263,-0.37346,-0.13881,-0.76251,-0.63191,-0.024371,0.079186,-0.18553
-0.37489,0.63106,-0.67913,0.91662,0.14264,-0.37345,-0.1388,-0.76251,-0.63191,-0.024374,0.079186,-0.18553
-0.3749,0.63106,-0.67913,0.91662,0.14263,-0.37346,-0.13881,-0.76251,-0.63191,-0.024377,0.079188,-0.18553
-0.3749,0.63105,-0.67914,0.91662,0.14263,-0.37346,-0.1388,-0.76251,-0.63191,-0.02438,0.079194,-0.18553
-0.3749,0.63106,-0.67913,0.91662,0.14263,-0.37346,-0.13881,-0.76251,-0.63191,-0.024384,0.0792,-0.18553
-0.3749,0.63105,-0.67914,0.91662,0.14263,-0.37346,-0.1388,-0.76251,-0.63191,-0.024386,0.079202,-0.18553
-0.3749,0.63105,-0.67914,0.91662,0.14263,-0.37346,-0.1388,-0.76251,-0.63191,-0.024391,0.079209,-0.18554
-0.3749,0.63105,-0.67914,0.91662,0.14263,-0.37346,-0.1388,-0.76251,-0.63191,-0.024392,0.079215,-0.18554
-0.3749,0.63105,-0.67914,0.91662,0.14263,-0.37346,-0.1388,-0.76251,-0.63191,-0.024396,0.079208,-0.18555
-0.3749,0.63105,-0.67914,0.91662,0.14263,-0.37346,-0.1388,-0.76251,-0.63191,-0.024397,0.079216,-0.18555
-0.3749,0.63106,-0.67913,0.91662,0.14263,-0.37346,-0.13881,-0.76251,-0.63191,-0.024398,0.079225,-0.18556
-0.3749,0.63106,-0.67913,0.91662,0.14263,-0.37346,-0.13881,-0.76251,-0.63191,-0.024397,0.079223,-0.18556
-0.3749,0.63105,-0.67914,0.91662,0.14263,-0.37346,-0.1388,-0.76251,-0.63191,-0.024405,0.07923,-0.18556
-0.3749,0.63106,-0.67913,0.91662,0.14263,-0.37346,-0.13881,-0.76251,-0.63191,-0.024404,0.079227,-0.18557
-0.3749,0.63105,-0.67914,0.91662,0.14263,-0.37346,-0.1388,-0.76251,-0.63191,-0.024409,0.079232,-0.18558
-0.3749,0.63106,-0.67913,0.91662,0.14263,-0.37346,-0.13881,-0.76251,-0.63191,-0.024412,0.079233,-0.18559
-0.3749,0.63106,-0.67913,0.91662,0.14263,-0.37346,-0.13881,-0.76251,-0.63191,-0.02441,0.079229,-0.18559
-0.3749,0.63106,-0.67913,0.91662,0.14263,-0.37346,-0.13881,-0.76251,-0.63191,-0.024416,0.07923,-0.1856
-0.37492,0.63096,-0.67921,0.91665,0.14282,-0.37331,-0.13853,-0.76256,-0.63191,-0.024428,0.079233,-0.18561
-0.37492,0.63096,-0.67921,0.91665,0.14282,-0.37331,-0.13854,-0.76255,-0.63192,-0.024431,0.079231,-0.18562
-0.37491,0.63085,-0.67932,0.91662,0.14258,-0.37347,-0.13875,-0.76269,-0.6317,-0.02446,0.079253,-0.18565
-0.37494,0.63073,-0.67941,0.91662,0.14263,-0.37344,-0.13863,-0.76278,-0.63162,-0.024502,0.079291,-0.18574
-0.37496,0.6307,-0.67942,0.91663,0.1427,-0.3734,-0.13855,-0.76279,-0.63163,-0.02454,0.079342,-0.18584
-0.37499,0.63069,-0.67942,0.91663,0.1428,-0.37336,-0.13845,-0.76278,-0.63166,-0.024579,0.079389,-0.18593
-0.37499,0.63061,-0.6795,0.9166,0.1426,-0.3735,-0.13864,-0.76289,-0.63149,-0.024616,0.079431,-0.18603
-0.37499,0.63072,-0.67939,0.91659,0.1426,-0.37353,-0.13871,-0.76279,-0.63159,-0.024641,0.079485,-0.18613
-0.37496,0.63073,-0.67939,0.91657,0.14238,-0.37368,-0.13896,-0.76283,-0.6315,-0.024659,0.079531,-0.18624
-0.37495,0.63094,-0.67921,0.91654,0.14229,-0.37378,-0.13919,-0.76267,-0.63164,-0.024685,0.079586,-0.18636
-0.37493,0.6309,-0.67926,0.91652,0.14216,-0.37386,-0.13931,-0.76273,-0.63153,-0.024696,0.079629,-0.18645
-0.37493,0.63089,-0.67926,0.91653,0.14217,-0.37385,-0.13929,-0.76273,-0.63153,-0.024711,0.079687,-0.18656
-0.37491,0.63082,-0.67934,0.9165,0.1419,-0.37402,-0.13954,-0.76284,-0.63135,-0.024724,0.079738,-0.18665
-0.37474,0.63078,-0.67947,0.91657,0.14177,-0.37389,-0.13952,-0.7629,-0.63129,-0.024737,0.079787,-0.18675
-0.3749,0.63082,-0.67935,0.91651,0.14193,-0.37398,-0.1395,-0.76283,-0.63137,-0.024747,0.079842,-0.18686
-0.37519,0.63094,-0.67907,0.91635,0.14201,-0.37435,-0.13976,-0.76272,-0.63144,-0.02476,0.079905,-0.18696
-0.37516,0.63087,-0.67915,0.91633,0.14175,-0.3745,-0.14,-0.76283,-0.63127,-0.024773,0.079967,-0.18708
-0.37516,0.63089,-0.67915,0.91633,0.14178,-0.37448,-0.13997,-0.76281,-0.63129,-0.024781,0.080012,-0.18717
-0.37514,0.63086,-0.67918,0.91633,0.14166,-0.37454,-0.14007,-0.76285,-0.63122,-0.024783,0.080075,-0.18728
-0.37511,0.63085,-0.6792,0.91632,0.14155,-0.37459,-0.14017,-0.76288,-0.63116,-0.024791,0.080149,-0.1874
-0.37491,0.63078,-0.67938,0.91637,0.14119,-0.3746,-0.14037,-0.76301,-0.63096,-0.024797,0.080233,-0.18753
-0.37534,0.63094,-0.679,0.91616,0.14143,-0.37502,-0.14058,-0.76284,-0.63112,-0.024796,0.080318,-0.18766
-0.37527,0.63085,-0.67912,0.91612,0.14093,-0.37532,-0.14106,-0.763,-0.63082,-0.024794,0.080401,-0.18778
-0.3752,0.63085,-0.67915,0.91613,0.1408,-0.37534,-0.14116,-0.76302,-0.63077,-0.024797,0.080504,-0.18788
-0.37514,0.6309,-0.67914,0.91617,0.14084,-0.37524,-0.14109,-0.76297,-0.63085,-0.0248,0.080586,-0.18798
-0.37556,0.63089,-0.67892,0.91594,0.14089,-0.37576,-0.14141,-0.76297,-0.63077,-0.0248,0.08066,-0.18806
-0.37553,0.63083,-0.67899,0.91599,0.14097,-0.37563,-0.14125,-0.76301,-0.63077,-0.024813,0.080771,-0.18817
-0.37546,0.63069,-0.67916,0.91601,0.14083,-0.37562,-0.14125,-0.76315,-0.63059,-0.024821,0.080898,-0.18827
-0.37536,0.63065,-0.67926,0.91604,0.14066,-0.37561,-0.14133,-0.76322,-0.6305,-0.024822,0.081033,-0.1884
-0.37528,0.63058,-0.67937,0.91605,0.14042,-0.37568,-0.1415,-0.76332,-0.63033,-0.024825,0.081147,-0.18849
-0.37518,0.63051,-0.67948,0.91608,0.14027,-0.37566,-0.14154,-0.7634,-0.63023,-0.024839,0.081287,-0.18859
-0.37524,0.63048,-0.67947,0.91605,0.14026,-0.37574,-0.1416,-0.76343,-0.63018,-0.024839,0.08142,-0.18871
-0.3755,0.63035,-0.67946,0.91596,0.14048,-0.37588,-0.14148,-0.7635,-0.63012,-0.024835,0.081547,-0.18886
-0.37544,0.63028,-0.67955,0.91599,0.14046,-0.3758,-0.14141,-0.76356,-0.63006,-0.024827,0.081659,-0.189
-0.37535,0.6304,-0.6795,0.916,0.14027,-0.37586,-0.14163,-0.7635,-0.63009,-0.024835,0.081787,-0.18914
-0.37561,0.6303,-0.67945,0.9159,0.14047,-0.37602,-0.14156,-0.76354,-0.63005,-0.024833,0.081928,-0.18928
-0.3755,0.63005,-0.67973,0.91591,0.14006,-0.37614,-0.14178,-0.76382,-0.62967,-0.024844,0.082065,-0.1894
-0.37543,0.63007,-0.67975,0.91596,0.14013,-0.37601,-0.14166,-0.76379,-0.62973,-0.02485,0.082191,-0.18953
-0.37566,0.6301,-0.6796,0.91585,0.14021,-0.37625,-0.14179,-0.76375,-0.62975,-0.024848,0.082333,-0.18965
-0.37557,0.62999,-0.67974,0.91586,0.13997,-0.37631,-0.14193,-0.76388,-0.62955,-0.024842,0.082465,-0.18978
-0.37547,0.62998,-0.67982,0.91589,0.1398,-0.3763,-0.14203,-0.76393,-0.62948,-0.024834,0.082599,-0.18989
-0.37566,0.63002,-0.67967,0.91577,0.13979,-0.37659,-0.14225,-0.76389,-0.62947,-0.024828,0.082754,-0.19
-0.37555,0.63,-0.67975,0.91582,0.13968,-0.37652,-0.14226,-0.76393,-0.62942,-0.024831,0.082916,-0.19009
-0.37542,0.6297,-0.6801,0.91586,0.13934,-0.37655,-0.14235,-0.76424,-0.62903,-0.024816,0.083068,-0.19018
-0.37533,0.62977,-0.68009,0.91594,0.13952,-0.37629,-0.14208,-0.76415,-0.62919,-0.024829,0.083233,-0.19028
-0.37535,0.62972,-0.68012,0.91589,0.13931,-0.37649,-0.14234,-0.76423,-0.62904,-0.024825,0.083372,-0.19037
-0.37539,0.62959,-0.68022,0.91584,0.13909,-0.37668,-0.14254,-0.76438,-0.62881,-0.024812,0.083513,-0.19049
-0.37545,0.62959,-0.68019,0.91581,0.13908,-0.37677,-0.14261,-0.76438,-0.6288,-0.0248,0.083661,-0.19058
-0.37544,0.62958,-0.6802,0.91577,0.13889,-0.37692,-0.14283,-0.76442,-0.6287,-0.024791,0.08383,-0.19067
-0.37561,0.62958,-0.68011,0.91566,0.1388,-0.37722,-0.14309,-0.76444,-0.62862,-0.024781,0.083987,-0.19075
-0.37545,0.62956,-0.68021,0.91567,0.13837,-0.37735,-0.14345,-0.76453,-0.62842,-0.024755,0.084147,-0.19084
-0.37529,0.62952,-0.68034,0.91571,0.13803,-0.3774,-0.14367,-0.76463,-0.62826,-0.024731,0.084307,-0.19091
-0.37527,0.62968,-0.6802,0.91568,0.13792,-0.3775,-0.14389,-0.76451,-0.62834,-0.02469,0.084475,-0.191
-0.37558,0.62981,-0.67991,0.91551,0.13799,-0.37789,-0.14418,-0.76439,-0.62842,-0.024659,0.084642,-0.19109
-0.37544,0.62986,-0.67995,0.91557,0.13793,-0.37776,-0.14415,-0.76436,-0.62847,-0.024635,0.084795,-0.19116
-0.37546,0.62978,-0.68001,0.91556,0.13791,-0.3778,-0.14415,-0.76444,-0.62838,-0.024606,0.084947,-0.19125
-0.37528,0.6298,-0.68008,0.91556,0.13739,-0.37799,-0.14462,-0.76451,-0.62818,-0.024563,0.085091,-0.19134
-0.3756,0.63,-0.67972,0.9154,0.13758,-0.37831,-0.14482,-0.76431,-0.62838,-0.024525,0.085255,-0.19143
-0.37543,0.63003,-0.67979,0.91542,0.13722,-0.37838,-0.14511,-0.76435,-0.62826,-0.024477,0.085404,-0.19149
-0.37524,0.63009,-0.67984,0.91546,0.1369,-0.37841,-0.14536,-0.76436,-0.6282,-0.024434,0.085565,-0.19157
-0.37538,0.6302,-0.67966,0.91535,0.1368,-0.37871,-0.14568,-0.76429,-0.62821,-0.02439,0.085713,-0.19164
-0.37536,0.63026,-0.67962,0.91532,0.13662,-0.37885,-0.14592,-0.76427,-0.62817,-0.024346,0.085882,-0.19172
-0.37548,0.63025,-0.67956,0.91521,0.13636,-0.37921,-0.14633,-0.76432,-0.62801,-0.024291,0.08603,-0.19179
-0.37531,0.63038,-0.67954,0.91524,0.13612,-0.37922,-0.14656,-0.76426,-0.62803,-0.024229,0.086175,-0.1919
-0.37524,0.63043,-0.67953,0.91514,0.13542,-0.3797,-0.14735,-0.76434,-0.62775,-0.024162,0.086306,-0.192
-0.37541,0.63071,-0.67917,0.91506,0.13565,-0.37983,-0.14744,-0.76407,-0.62806,-0.024086,0.086432,-0.19211
-0.37523,0.63087,-0.67912,0.91507,0.13526,-0.37994,-0.14783,-0.764,-0.62805,-0.023984,0.086563,-0.19224
-0.37506,0.63101,-0.67909,0.91507,0.13484,-0.3801,-0.14828,-0.76397,-0.62799,-0.023899,0.086673,-0.19234
-0.37507,0.63101,-0.67908,0.91505,0.13478,-0.38016,-0.14836,-0.76398,-0.62795,-0.023822,0.086813,-0.19244
-0.37501,0.63131,-0.67883,0.91497,0.13438,-0.38049,-0.14899,-0.7638,-0.62803,-0.023723,0.086944,-0.19255
-0.37504,0.63118,-0.67894,0.91495,0.1343,-0.38056,-0.14902,-0.76392,-0.62787,-0.02365,0.087074,-0.19266
-0.37496,0.63159,-0.6786,0.91487,0.13386,-0.38092,-0.14975,-0.76366,-0.62801,-0.023531,0.087203,-0.19277
-0.37496,0.6312,-0.67896,0.91482,0.1334,-0.3812,-0.15005,-0.76406,-0.62745,-0.023449,0.087311,-0.19289
-0.37481,0.63131,-0.67894,0.91485,0.13322,-0.38118,-0.1502,-0.764,-0.62749,-0.023323,0.087412,-0.19301
-0.37503,0.63114,-0.67898,0.91477,0.13332,-0.38134,-0.15016,-0.76412,-0.62735,-0.023241,0.087502,-0.19312
-0.37486,0.63123,-0.67898,0.91478,0.13296,-0.38144,-0.1505,-0.76411,-0.62729,-0.023124,0.087603,-0.19326
-0.37507,0.63136,-0.67876,0.91468,0.13309,-0.38164,-0.15061,-0.76398,-0.62741,-0.023008,0.0877,-0.19339
-0.37497,0.63129,-0.67887,0.91472,0.13299,-0.38156,-0.1506,-0.76406,-0.62733,-0.022904,0.087792,-0.1935
-0.37484,0.6314,-0.67884,0.91475,0.13284,-0.38155,-0.15074,-0.764,-0.62737,-0.022808,0.08789,-0.19363
-0.375,0.63182,-0.67837,0.9146,0.13275,-0.38195,-0.15127,-0.76367,-0.62764,-0.022693,0.087965,-0.19376
-0.37484,0.63186,-0.67842,0.91458,0.13223,-0.38217,-0.15177,-0.76372,-0.62745,-0.022585,0.088049,-0.19389
-0.37468,0.63193,-0.67845,0.91456,0.13167,-0.38243,-0.15234,-0.76376,-0.62726,-0.022458,0.088099,-0.19402
-0.37472,0.63191,-0.67844,0.9145,0.13149,-0.38263,-0.15258,-0.76381,-0.62715,-0.022342,0.088171,-0.19417
-0.37462,0.63195,-0.67845,0.9145,0.13126,-0.38269,-0.15279,-0.76381,-0.6271,-0.022226,0.088225,-0.19429
-0.37452,0.63164,-0.6788,0.91453,0.13093,-0.38275,-0.15289,-0.76413,-0.62668,-0.0221,0.088277,-0.19441
-0.37475,0.63203,-0.67831,0.91441,0.13119,-0.38295,-0.15304,-0.76376,-0.6271,-0.021972,0.088321,-0.19454
-0.37462,0.63201,-0.6784,0.91439,0.13073,-0.38314,-0.15346,-0.76385,-0.62688,-0.021843,0.088355,-0.19468
-0.37452,0.63215,-0.67832,0.9144,0.13061,-0.38315,-0.15362,-0.76376,-0.62696,-0.021733,0.088403,-0.19478
-0.37443,0.63238,-0.67815,0.9144,0.13048,-0.3832,-0.15385,-0.76359,-0.62711,-0.021614,0.088435,-0.19489
-0.37437,0.63215,-0.6784,0.91443,0.13032,-0.38319,-0.15382,-0.7638,-0.62685,-0.021494,0.088472,-0.195
-0.37399,0.63188,-0.67886,0.9146,0.12996,-0.3829,-0.15372,-0.76409,-0.62653,-0.021352,0.088518,-0.19512
-0.3742,0.63239,-0.67828,0.91448,0.1302,-0.38311,-0.15396,-0.76363,-0.62703,-0.021233,0.088551,-0.1952
-0.37422,0.63212,-0.67852,0.91455,0.13047,-0.38285,-0.15348,-0.76381,-0.62693,-0.021129,0.088566,-0.19527
-0.37412,0.63233,-0.67838,0.91454,0.13026,-0.38294,-0.15378,-0.76367,-0.62702,-0.021,0.088579,-0.19535
-0.37405,0.63222,-0.67852,0.91455,0.13001,-0.38302,-0.15393,-0.7638,-0.62683,-0.020862,0.088582,-0.19544
-0.37399,0.63233,-0.67844,0.91458,0.13011,-0.38289,-0.15384,-0.76369,-0.62698,-0.020809,0.088612,-0.19545
