0.2737,-0.95426,-0.12031,-0.0875,0.099869,-0.99115,0.95783,0.28181,-0.056163,0.13,-0.10696,-0.099888
0.2651,-0.95668,-0.12031,-0.086597,0.10065,-0.99115,0.96032,0.27317,-0.056163,0.12996,-0.10695,-0.10004
0.25648,-0.95903,-0.12031,-0.085688,0.10143,-0.99115,0.96274,0.26452,-0.056163,0.12992,-0.10694,-0.10018
0.24784,-0.9613,-0.12031,-0.084772,0.10219,-0.99115,0.96509,0.25584,-0.056163,0.12988,-0.10692,-0.10033
0.23918,-0.96349,-0.12031,-0.083848,0.10295,-0.99115,0.96735,0.24715,-0.056163,0.12985,-0.10691,-0.10048
0.2305,-0.96561,-0.12031,-0.082918,0.1037,-0.99115,0.96953,0.23843,-0.056163,0.12981,-0.1069,-0.10063
0.2218,-0.96764,-0.12031,-0.081982,0.10445,-0.99115,0.97164,0.2297,-0.056163,0.12978,-0.10688,-0.10077
0.21308,-0.9696,-0.12031,-0.081038,0.10518,-0.99115,0.97367,0.22094,-0.056163,0.12974,-0.10687,-0.10092
0.20434,-0.97148,-0.12031,-0.080089,0.1059,-0.99115,0.97562,0.21217,-0.056163,0.12971,-0.10686,-0.10107
0.19559,-0.97328,-0.12031,-0.079132,0.10662,-0.99115,0.97749,0.20338,-0.056163,0.12968,-0.10685,-0.10122
0.18683,-0.975,-0.12031,-0.078169,0.10733,-0.99115,0.97928,0.19458,-0.056163,0.12965,-0.10684,-0.10137
0.17804,-0.97664,-0.12031,-0.0772,0.10803,-0.99115,0.98099,0.18576,-0.056163,0.12962,-0.10682,-0.10152
0.16925,-0.9782,-0.12031,-0.076225,0.10872,-0.99115,0.98262,0.17692,-0.056163,0.1296,-0.10681,-0.10167
0.16044,-0.97969,-0.12031,-0.075243,0.1094,-0.99115,0.98417,0.16807,-0.056163,0.12957,-0.1068,-0.10182
0.15161,-0.98109,-0.12031,-0.074256,0.11007,-0.99115,0.98565,0.1592,-0.056163,0.12955,-0.10679,-0.10197
0.14278,-0.98242,-0.12031,-0.073262,0.11074,-0.99115,0.98704,0.15033,-0.056163,0.12953,-0.10678,-0.10212
0.13393,-0.98366,-0.12031,-0.072262,0.11139,-0.99115,0.98835,0.14144,-0.056163,0.1295,-0.10677,-0.10227
0.12507,-0.98483,-0.12031,-0.071257,0.11204,-0.99115,0.98959,0.13254,-0.056163,0.12948,-0.10676,-0.10243
0.1162,-0.98591,-0.12031,-0.070246,0.11267,-0.99115,0.99074,0.12363,-0.056163,0.12947,-0.10674,-0.10258
0.10732,-0.98692,-0.12031,-0.069229,0.1133,-0.99115,0.99181,0.1147,-0.056163,0.12945,-0.10673,-0.10273
0.098438,-0.98784,-0.12031,-0.068206,0.11392,-0.99115,0.9928,0.10577,-0.056163,0.12943,-0.10672,-0.10288
0.089544,-0.98869,-0.12031,-0.067178,0.11453,-0.99115,0.99371,0.096833,-0.056163,0.12942,-0.10671,-0.10303
0.080642,-0.98946,-0.12031,-0.066145,0.11513,-0.99115,0.99455,0.087886,-0.056163,0.12941,-0.1067,-0.10319
0.071734,-0.99014,-0.12031,-0.065106,0.11572,-0.99115,0.9953,0.078932,-0.056163,0.12939,-0.10669,-0.10334
0.06282,-0.99075,-0.12031,-0.064062,0.1163,-0.99115,0.99597,0.069971,-0.056163,0.12938,-0.10668,-0.10349
0.053901,-0.99127,-0.12031,-0.063013,0.11687,-0.99115,0.99656,0.061005,-0.056163,0.12938,-0.10667,-0.10364
0.044977,-0.99172,-0.12031,-0.061958,0.11744,-0.99115,0.99706,0.052033,-0.056163,0.12937,-0.10666,-0.10379
0.03605,-0.99208,-0.12031,-0.060899,0.11799,-0.99115,0.99749,0.043058,-0.056163,0.12936,-0.10665,-0.10395
0.02712,-0.99237,-0.12031,-0.059835,0.11853,-0.99115,0.99784,0.034079,-0.056163,0.12936,-0.10665,-0.1041
0.018188,-0.99257,-0.12031,-0.058765,0.11907,-0.99115,0.99811,0.025097,-0.056163,0.12935,-0.10664,-0.10425
0.0092539,-0.99269,-0.12031,-0.057691,0.11959,-0.99115,0.99829,0.016113,-0.056163,0.12935,-0.10663,-0.10441
0.00031943,-0.99274,-0.12031,-0.056613,0.1201,-0.99115,0.9984,0.0071279,-0.056163,0.12935,-0.10662,-0.10456
-0.0086151,-0.9927,-0.12031,-0.05553,0.12061,-0.99115,0.99842,-0.0018578,-0.056163,0.12935,-0.10661,-0.10471
-0.017549,-0.99258,-0.12031,-0.054442,0.1211,-0.99115,0.99836,-0.010843,-0.056163,0.12935,-0.1066,-0.10486
-0.026481,-0.99238,-0.12031,-0.05335,0.12159,-0.99115,0.99822,-0.019828,-0.056163,0.12936,-0.10659,-0.10502
-0.035412,-0.9921,-0.12031,-0.052253,0.12206,-0.99115,0.99801,-0.028811,-0.056163,0.12936,-0.10658,-0.10517
-0.044339,-0.99175,-0.12031,-0.051153,0.12253,-0.99115,0.99771,-0.037792,-0.056163,0.12937,-0.10658,-0.10532
-0.053263,-0.99131,-0.12031,-0.050048,0.12298,-0.99115,0.99733,-0.04677,-0.056163,0.12937,-0.10657,-0.10547
-0.062182,-0.99079,-0.12031,-0.048939,0.12343,-0.99115,0.99686,-0.055744,-0.056163,0.12938,-0.10656,-0.10563
-0.071097,-0.99019,-0.12031,-0.047826,0.12387,-0.99115,0.99632,-0.064713,-0.056163,0.12939,-0.10655,-0.10578
-0.080005,-0.98951,-0.12031,-0.046709,0.12429,-0.99115,0.9957,-0.073677,-0.056163,0.12941,-0.10655,-0.10593
-0.088908,-0.98875,-0.12031,-0.045589,0.12471,-0.99115,0.995,-0.082635,-0.056163,0.12942,-0.10654,-0.10608
-0.097803,-0.98791,-0.12031,-0.044465,0.12511,-0.99115,0.99421,-0.091587,-0.056163,0.12943,-0.10653,-0.10624
-0.10669,-0.98699,-0.12031,-0.043337,0.12551,-0.99115,0.99335,-0.10053,-0.056163,0.12945,-0.10653,-0.10639
-0.11557,-0.98599,-0.12031,-0.042206,0.12589,-0.99115,0.9924,-0.10947,-0.056163,0.12947,-0.10652,-0.10654
-0.12444,-0.98491,-0.12031,-0.041071,0.12627,-0.99115,0.99138,-0.11839,-0.056163,0.12948,-0.10651,-0.10669
-0.1333,-0.98375,-0.12031,-0.039933,0.12663,-0.99115,0.99027,-0.12731,-0.056163,0.1295,-0.10651,-0.10684
-0.14214,-0.98251,-0.12031,-0.038792,0.12698,-0.99115,0.98909,-0.13622,-0.056163,0.12952,-0.1065,-0.10699
-0.15098,-0.98119,-0.12031,-0.037647,0.12733,-0.99115,0.98782,-0.14511,-0.056163,0.12955,-0.1065,-0.10715
-0.15981,-0.97979,-0.12031,-0.0365,0.12766,-0.99115,0.98647,-0.154,-0.056163,0.12957,-0.10649,-0.1073
-0.16862,-0.97831,-0.12031,-0.035349,0.12799,-0.99115,0.98505,-0.16287,-0.056163,0.1296,-0.10648,-0.10745
-0.17741,-0.97675,-0.12031,-0.034196,0.1283,-0.99115,0.98354,-0.17173,-0.056163,0.12962,-0.10648,-0.1076
-0.1862,-0.97512,-0.12031,-0.03304,0.1286,-0.99115,0.98196,-0.18057,-0.056163,0.12965,-0.10647,-0.10775
-0.19497,-0.9734,-0.12031,-0.031881,0.12889,-0.99115,0.98029,-0.1894,-0.056163,0.12968,-0.10647,-0.1079
-0.20372,-0.97161,-0.12031,-0.03072,0.12918,-0.99115,0.97855,-0.19822,-0.056163,0.12971,-0.10646,-0.10805
-0.21246,-0.96974,-0.12031,-0.029556,0.12945,-0.99115,0.97672,-0.20702,-0.056163,0.12974,-0.10646,-0.1082
-0.22117,-0.96778,-0.12031,-0.02839,0.12971,-0.99115,0.97482,-0.2158,-0.056163,0.12977,-0.10646,-0.10835
-0.22988,-0.96575,-0.12031,-0.027221,0.12996,-0.99115,0.97284,-0.22456,-0.056163,0.12981,-0.10645,-0.1085
-0.23856,-0.96365,-0.12031,-0.026051,0.1302,-0.99115,0.97078,-0.23331,-0.056163,0.12985,-0.10645,-0.10865
-0.24722,-0.96146,-0.12031,-0.024878,0.13043,-0.99115,0.96864,-0.24204,-0.056163,0.12988,-0.10644,-0.10879
-0.25586,-0.9592,-0.12031,-0.023703,0.13064,-0.99115,0.96642,-0.25075,-0.056163,0.12992,-0.10644,-0.10894
-0.26449,-0.95686,-0.12031,-0.022526,0.13085,-0.99115,0.96413,-0.25943,-0.056163,0.12996,-0.10644,-0.10909
-0.27309,-0.95444,-0.12031,-0.021348,0.13105,-0.99115,0.96175,-0.2681,-0.056163,0.13,-0.10643,-0.10924
-0.28167,-0.95194,-0.12031,-0.020167,0.13124,-0.99115,0.9593,-0.27675,-0.056163,0.13004,-0.10643,-0.10938
-0.29022,-0.94937,-0.12031,-0.018986,0.13141,-0.99115,0.95677,-0.28537,-0.056163,0.13009,-0.10643,-0.10953
-0.29875,-0.94672,-0.12031,-0.017802,0.13158,-0.99115,0.95416,-0.29397,-0.056163,0.13013,-0.10642,-0.10968
-0.30726,-0.94399,-0.12031,-0.016617,0.13173,-0.99115,0.95148,-0.30254,-0.056163,0.13018,-0.10642,-0.10982
-0.31575,-0.94118,-0.12031,-0.015431,0.13188,-0.99115,0.94872,-0.31109,-0.056163,0.13023,-0.10642,-0.10997
-0.3242,-0.93831,-0.12031,-0.014243,0.13201,-0.99115,0.94588,-0.31962,-0.056163,0.13028,-0.10642,-0.11011
-0.33263,-0.93535,-0.12031,-0.013055,0.13213,-0.99115,0.94297,-0.32812,-0.056163,0.13033,-0.10641,-0.11026
-0.34104,-0.93232,-0.12031,-0.011865,0.13225,-0.99115,0.93997,-0.33659,-0.056163,0.13038,-0.10641,-0.1104
-0.34942,-0.92921,-0.12031,-0.010674,0.13235,-0.99115,0.93691,-0.34504,-0.056163,0.13043,-0.10641,-0.11054
-0.35776,-0.92603,-0.12031,-0.0094828,0.13244,-0.99115,0.93376,-0.35346,-0.056163,0.13048,-0.10641,-0.11069
-0.36608,-0.92277,-0.12031,-0.0082904,0.13252,-0.99115,0.93054,-0.36185,-0.056163,0.13054,-0.10641,-0.11083
-0.37437,-0.91944,-0.12031,-0.0070975,0.13259,-0.99115,0.92725,-0.37021,-0.056163,0.1306,-0.10641,-0.11097
-0.38263,-0.91603,-0.12031,-0.0059039,0.13265,-0.99115,0.92388,-0.37854,-0.056163,0.13065,-0.10641,-0.11111
-0.39086,-0.91255,-0.12031,-0.0047099,0.13269,-0.99115,0.92044,-0.38684,-0.056163,0.13071,-0.1064,-0.11126
-0.39906,-0.909,-0.12031,-0.0035154,0.13273,-0.99115,0.91692,-0.3951,-0.056163,0.13077,-0.1064,-0.1114
-0.40722,-0.90537,-0.12031,-0.0023207,0.13276,-0.99115,0.91333,-0.40334,-0.056163,0.13084,-0.1064,-0.11154
-0.41536,-0.90167,-0.12031,-0.0011258,0.13277,-0.99115,0.90966,-0.41154,-0.056163,0.1309,-0.1064,-0.11168
-0.42345,-0.89789,-0.12031,6.9144e-05,0.13278,-0.99115,0.90592,-0.41971,-0.056163,0.13096,-0.1064,-0.11181
-0.43152,-0.89404,-0.12031,0.0012641,0.13277,-0.99115,0.9021,-0.42785,-0.056163,0.13103,-0.1064,-0.11195
-0.43955,-0.89013,-0.12031,0.002459,0.13275,-0.99115,0.89822,-0.43595,-0.056163,0.13109,-0.1064,-0.11209
-0.44754,-0.88613,-0.12031,0.0036537,0.13273,-0.99115,0.89426,-0.44402,-0.056163,0.13116,-0.1064,-0.11223
-0.4555,-0.88207,-0.12031,0.0048481,0.13269,-0.99115,0.89022,-0.45205,-0.056163,0.13123,-0.1064,-0.11236
-0.46342,-0.87793,-0.12031,0.0060421,0.13264,-0.99115,0.88612,-0.46004,-0.056163,0.1313,-0.10641,-0.1125
-0.4713,-0.87373,-0.12031,0.0072356,0.13258,-0.99115,0.88194,-0.468,-0.056163,0.13137,-0.10641,-0.11264
-0.47914,-0.86945,-0.12031,0.0084285,0.13251,-0.99115,0.8777,-0.47592,-0.056163,0.13145,-0.10641,-0.11277
-0.48695,-0.8651,-0.12031,0.0096207,0.13243,-0.99115,0.87338,-0.4838,-0.056163,0.13152,-0.10641,-0.1129
-0.49472,-0.86069,-0.12031,0.010812,0.13234,-0.99115,0.86899,-0.49164,-0.056163,0.1316,-0.10641,-0.11304
-0.50244,-0.8562,-0.12031,0.012003,0.13223,-0.99115,0.86453,-0.49944,-0.056163,0.13167,-0.10641,-0.11317
-0.51013,-0.85164,-0.12031,0.013192,0.13212,-0.99115,0.86,-0.5072,-0.056163,0.13175,-0.10641,-0.1133
-0.51777,-0.84702,-0.12031,0.014381,0.132,-0.99115,0.8554,-0.51492,-0.056163,0.13183,-0.10642,-0.11343
-0.52537,-0.84232,-0.12031,0.015568,0.13186,-0.99115,0.85073,-0.52259,-0.056163,0.13191,-0.10642,-0.11356
-0.53293,-0.83756,-0.12031,0.016754,0.13172,-0.99115,0.84599,-0.53023,-0.056163,0.13199,-0.10642,-0.11369
-0.54045,-0.83273,-0.12031,0.017939,0.13156,-0.99115,0.84119,-0.53782,-0.056163,0.13207,-0.10642,-0.11382
-0.54792,-0.82783,-0.12031,0.019122,0.13139,-0.99115,0.83631,-0.54537,-0.056163,0.13215,-0.10643,-0.11395
-0.55535,-0.82287,-0.12031,0.020304,0.13122,-0.99115,0.83137,-0.55288,-0.056163,0.13224,-0.10643,-0.11408
-0.56273,-0.81784,-0.12031,0.021484,0.13103,-0.99115,0.82636,-0.56034,-0.056163,0.13232,-0.10643,-0.1142
-0.57007,-0.81274,-0.12031,0.022663,0.13083,-0.99115,0.82128,-0.56775,-0.056163,0.13241,-0.10644,-0.11433
-0.57736,-0.80757,-0.12031,0.023839,0.13062,-0.99115,0.81614,-0.57512,-0.056163,0.1325,-0.10644,-0.11446
-0.58461,-0.80235,-0.12031,0.025014,0.1304,-0.99115,0.81093,-0.58244,-0.056163,0.13259,-0.10644,-0.11458
-0.5918,-0.79705,-0.12031,0.026186,0.13017,-0.99115,0.80566,-0.58971,-0.056163,0.13268,-0.10645,-0.1147
-0.59895,-0.79169,-0.12031,0.027357,0.12993,-0.99115,0.80032,-0.59694,-0.056163,0.13277,-0.10645,-0.11483
-0.60605,-0.78627,-0.12031,0.028525,0.12968,-0.99115,0.79491,-0.60412,-0.056163,0.13286,-0.10646,-0.11495
-0.61311,-0.78078,-0.12031,0.029691,0.12942,-0.99115,0.78944,-0.61125,-0.056163,0.13295,-0.10646,-0.11507
-0.62011,-0.77524,-0.12031,0.030854,0.12914,-0.99115,0.78391,-0.61833,-0.056163,0.13305,-0.10646,-0.11519
-0.62706,-0.76962,-0.12031,0.032015,0.12886,-0.99115,0.77831,-0.62536,-0.056163,0.13314,-0.10647,-0.11531
-0.63396,-0.76395,-0.12031,0.033174,0.12857,-0.99115,0.77265,-0.63234,-0.056163,0.13324,-0.10647,-0.11543
-0.64081,-0.75821,-0.12031,0.03433,0.12826,-0.99115,0.76693,-0.63927,-0.056163,0.13334,-0.10648,-0.11555
-0.64761,-0.75241,-0.12031,0.035483,0.12795,-0.99115,0.76115,-0.64614,-0.056163,0.13344,-0.10648,-0.11566
-0.65435,-0.74656,-0.12031,0.036633,0.12762,-0.99115,0.7553,-0.65297,-0.056163,0.13354,-0.10649,-0.11578
-0.66105,-0.74064,-0.12031,0.03778,0.12729,-0.99115,0.74939,-0.65974,-0.056163,0.13364,-0.1065,-0.11589
-0.66769,-0.73466,-0.12031,0.038924,0.12694,-0.99115,0.74342,-0.66646,-0.056163,0.13374,-0.1065,-0.11601
-0.67427,-0.72862,-0.12031,0.040065,0.12659,-0.99115,0.7374,-0.67312,-0.056163,0.13384,-0.10651,-0.11612
-0.6808,-0.72252,-0.12031,0.041202,0.12622,-0.99115,0.73131,-0.67973,-0.056163,0.13394,-0.10651,-0.11623
-0.68728,-0.71636,-0.12031,0.042337,0.12585,-0.99115,0.72516,-0.68628,-0.056163,0.13405,-0.10652,-0.11635
-0.6937,-0.71015,-0.12031,0.043468,0.12546,-0.99115,0.71896,-0.69278,-0.056163,0.13415,-0.10653,-0.11646
-0.70006,-0.70388,-0.12031,0.044595,0.12506,-0.99115,0.71269,-0.69923,-0.056163,0.13426,-0.10653,-0.11657
-0.70636,-0.69755,-0.12031,0.045719,0.12466,-0.99115,0.70637,-0.70561,-0.056163,0.13437,-0.10654,-0.11667
-0.71261,-0.69116,-0.12031,0.046839,0.12424,-0.99115,0.69999,-0.71194,-0.056163,0.13448,-0.10655,-0.11678
-0.71881,-0.68472,-0.12031,0.047955,0.12382,-0.99115,0.69356,-0.71821,-0.056163,0.13459,-0.10656,-0.11689
-0.72494,-0.67822,-0.12031,0.049067,0.12338,-0.99115,0.68706,-0.72442,-0.056163,0.1347,-0.10656,-0.11699
-0.73101,-0.67167,-0.12031,0.050176,0.12293,-0.99115,0.68052,-0.73058,-0.056163,0.13481,-0.10657,-0.1171
-0.73703,-0.66507,-0.12031,0.05128,0.12248,-0.99115,0.67391,-0.73667,-0.056163,0.13492,-0.10658,-0.1172
-0.74298,-0.65841,-0.12031,0.05238,0.12201,-0.99115,0.66726,-0.74271,-0.056163,0.13503,-0.10659,-0.11731
-0.74888,-0.65169,-0.12031,0.053476,0.12153,-0.99115,0.66054,-0.74868,-0.056163,0.13515,-0.10659,-0.11741
-0.75471,-0.64493,-0.12031,0.054568,0.12105,-0.99115,0.65378,-0.7546,-0.056163,0.13526,-0.1066,-0.11751
-0.76049,-0.63811,-0.12031,0.055655,0.12055,-0.99115,0.64696,-0.76045,-0.056163,0.13538,-0.10661,-0.11761
-0.7662,-0.63124,-0.12031,0.056738,0.12004,-0.99115,0.64009,-0.76624,-0.056163,0.1355,-0.10662,-0.11771
-0.77185,-0.62432,-0.12031,0.057816,0.11953,-0.99115,0.63317,-0.77197,-0.056163,0.13561,-0.10663,-0.1178
-0.77744,-0.61734,-0.12031,0.058889,0.119,-0.99115,0.6262,-0.77764,-0.056163,0.13573,-0.10664,-0.1179
-0.78296,-0.61032,-0.12031,0.059958,0.11847,-0.99115,0.61917,-0.78324,-0.056163,0.13585,-0.10665,-0.11799
-0.78842,-0.60325,-0.12031,0.061022,0.11792,-0.99115,0.6121,-0.78878,-0.056163,0.13597,-0.10666,-0.11809
-0.79382,-0.59613,-0.12031,0.062081,0.11737,-0.99115,0.60497,-0.79426,-0.056163,0.13609,-0.10666,-0.11818
-0.79915,-0.58896,-0.12031,0.063134,0.11681,-0.99115,0.5978,-0.79967,-0.056163,0.13621,-0.10667,-0.11827
-0.80442,-0.58175,-0.12031,0.064183,0.11623,-0.99115,0.59058,-0.80502,-0.056163,0.13634,-0.10668,-0.11836
-0.80963,-0.57448,-0.12031,0.065227,0.11565,-0.99115,0.58331,-0.8103,-0.056163,0.13646,-0.10669,-0.11845
-0.81476,-0.56717,-0.12031,0.066265,0.11506,-0.99115,0.576,-0.81552,-0.056163,0.13659,-0.1067,-0.11854
-0.81983,-0.55982,-0.12031,0.067298,0.11446,-0.99115,0.56863,-0.82067,-0.056163,0.13671,-0.10671,-0.11863
-0.82484,-0.55242,-0.12031,0.068325,0.11385,-0.99115,0.56122,-0.82576,-0.056163,0.13684,-0.10672,-0.11872
-0.82978,-0.54497,-0.12031,0.069347,0.11323,-0.99115,0.55377,-0.83077,-0.056163,0.13696,-0.10674,-0.1188
-0.83465,-0.53748,-0.12031,0.070363,0.1126,-0.99115,0.54627,-0.83572,-0.056163,0.13709,-0.10675,-0.11889
-0.83945,-0.52995,-0.12031,0.071374,0.11196,-0.99115,0.53873,-0.84061,-0.056163,0.13722,-0.10676,-0.11897
-0.84419,-0.52237,-0.12031,0.072378,0.11132,-0.99115,0.53114,-0.84542,-0.056163,0.13735,-0.10677,-0.11905
-0.84885,-0.51475,-0.12031,0.073377,0.11066,-0.99115,0.52351,-0.85017,-0.056163,0.13748,-0.10678,-0.11913
-0.85345,-0.50709,-0.12031,0.07437,0.11,-0.99115,0.51584,-0.85484,-0.056163,0.13761,-0.10679,-0.11921
-0.85798,-0.49939,-0.12031,0.075357,0.10932,-0.99115,0.50812,-0.85945,-0.056163,0.13774,-0.1068,-0.11929
-0.86244,-0.49165,-0.12031,0.076338,0.10864,-0.99115,0.50037,-0.86399,-0.056163,0.13787,-0.10681,-0.11937
