-0.41056,0.68147,-0.60584,0.90769,0.24219,-0.34269,-0.086803,-0.69061,-0.718,-0.024019,0.079533,-0.18646
-0.41056,0.68147,-0.60584,0.90769,0.24219,-0.34269,-0.086803,-0.69061,-0.718,-0.024019,0.079528,-0.18645
-0.41089,0.68149,-0.60559,0.90754,0.24249,-0.34288,-0.086825,-0.69048,-0.71812,-0.024011,0.079512,-0.18643
-0.41089,0.68149,-0.6056,0.90754,0.24249,-0.34288,-0.086821,-0.69049,-0.71811,-0.024009,0.079502,-0.18641
-0.41056,0.68146,-0.60585,0.90769,0.24219,-0.34269,-0.086799,-0.69062,-0.71799,-0.024023,0.079506,-0.18639
-0.41072,0.68148,-0.60572,0.90762,0.24234,-0.34279,-0.086814,-0.69055,-0.71806,-0.024035,0.079517,-0.18637
-0.41056,0.68147,-0.60584,0.90769,0.24219,-0.34269,-0.086803,-0.69061,-0.718,-0.02405,0.079521,-0.18636
-0.41091,0.68155,-0.60551,0.90756,0.24274,-0.34266,-0.086556,-0.69034,-0.71829,-0.024057,0.079529,-0.18635
-0.41058,0.68152,-0.60576,0.90771,0.24245,-0.34247,-0.086534,-0.69047,-0.71817,-0.024064,0.079532,-0.18635
-0.41058,0.68152,-0.60576,0.90771,0.24245,-0.34247,-0.086534,-0.69047,-0.71817,-0.024069,0.079538,-0.18635
-0.41091,0.68155,-0.60551,0.90756,0.24274,-0.34266,-0.086556,-0.69034,-0.71829,-0.024071,0.079538,-0.18636
-0.41058,0.68152,-0.60576,0.90771,0.24245,-0.34247,-0.086534,-0.69047,-0.71817,-0.024079,0.079545,-0.18635
-0.41091,0.68155,-0.60551,0.90756,0.24274,-0.34266,-0.086556,-0.69034,-0.71829,-0.024078,0.079544,-0.18636
-0.41056,0.68146,-0.60585,0.90769,0.24219,-0.34269,-0.086799,-0.69062,-0.71799,-0.024086,0.079544,-0.18636
-0.41089,0.6815,-0.60558,0.90754,0.24249,-0.34288,-0.086828,-0.69048,-0.71812,-0.024083,0.079544,-0.18636
-0.41056,0.68147,-0.60584,0.90769,0.24219,-0.34269,-0.086803,-0.69061,-0.718,-0.02409,0.079546,-0.18636
-0.41056,0.68147,-0.60584,0.90769,0.24219,-0.34269,-0.086803,-0.69061,-0.718,-0.024092,0.079548,-0.18637
-0.41089,0.6815,-0.60558,0.90754,0.24249,-0.34288,-0.086828,-0.69048,-0.71812,-0.024091,0.079548,-0.18637
-0.41056,0.68147,-0.60584,0.90769,0.24219,-0.34269,-0.086806,-0.69061,-0.718,-0.024093,0.079553,-0.18637
-0.41089,0.6815,-0.60558,0.90754,0.24249,-0.34288,-0.086828,-0.69048,-0.71812,-0.024094,0.079555,-0.18638
-0.41056,0.68147,-0.60584,0.90769,0.24219,-0.34269,-0.086803,-0.69061,-0.718,-0.024099,0.079552,-0.18638
-0.41056,0.68147,-0.60584,0.90769,0.24219,-0.34269,-0.086803,-0.69061,-0.718,-0.024102,0.07955,-0.18639
-0.41089,0.68149,-0.60559,0.90754,0.24249,-0.34288,-0.086825,-0.69048,-0.71812,-0.0241,0.079555,-0.18639
-0.41056,0.68147,-0.60584,0.90769,0.24219,-0.34269,-0.086803,-0.69061,-0.718,-0.024107,0.079559,-0.18639
-0.41089,0.68149,-0.60559,0.90754,0.24249,-0.34288,-0.086825,-0.69048,-0.71812,-0.024107,0.079565,-0.1864
-0.41056,0.68147,-0.60584,0.90769,0.24219,-0.34269,-0.086803,-0.69061,-0.718,-0.024112,0.079567,-0.1864
-0.41056,0.68147,-0.60584,0.90769,0.24219,-0.34269,-0.086803,-0.69061,-0.718,-0.024115,0.079571,-0.18641
-0.41056,0.68147,-0.60584,0.90769,0.24219,-0.34269,-0.086803,-0.69061,-0.718,-0.024119,0.079578,-0.18642
-0.41056,0.68147,-0.60584,0.90769,0.24219,-0.34269,-0.086803,-0.69061,-0.718,-0.024122,0.079581,-0.18642
-0.41056,0.68147,-0.60584,0.90769,0.24219,-0.34269,-0.086806,-0.69061,-0.718,-0.024125,0.079588,-0.18642
-0.41056,0.68147,-0.60584,0.90769,0.24219,-0.34269,-0.086806,-0.69061,-0.718,-0.024127,0.079589,-0.18643
-0.41056,0.68147,-0.60584,0.90769,0.24219,-0.34269,-0.086806,-0.69061,-0.718,-0.024127,0.079592,-0.18644
-0.41089,0.68149,-0.60559,0.90754,0.24249,-0.34288,-0.086825,-0.69048,-0.71812,-0.024129,0.079597,-0.18644
-0.41056,0.68147,-0.60584,0.90769,0.24219,-0.34269,-0.086803,-0.69061,-0.718,-0.024131,0.079606,-0.18645
-0.41089,0.68149,-0.60559,0.90754,0.24249,-0.34288,-0.086825,-0.69048,-0.71812,-0.024132,0.079612,-0.18645
-0.41056,0.68147,-0.60584,0.90769,0.24219,-0.34269,-0.086806,-0.69061,-0.718,-0.024128,0.07961,-0.18646
-0.41089,0.68149,-0.60559,0.90754,0.24249,-0.34288,-0.086825,-0.69048,-0.71812,-0.024125,0.079616,-0.18647
-0.41056,0.68147,-0.60584,0.90769,0.24219,-0.34269,-0.086806,-0.69061,-0.718,-0.024122,0.079617,-0.18648
-0.41089,0.6815,-0.60558,0.90754,0.24249,-0.34288,-0.086828,-0.69048,-0.71812,-0.02412,0.079628,-0.18648
-0.41056,0.68147,-0.60584,0.90769,0.24219,-0.34269,-0.086806,-0.69061,-0.718,-0.024119,0.079631,-0.18649
-0.41089,0.6815,-0.60558,0.90754,0.24249,-0.34288,-0.086828,-0.69048,-0.71812,-0.02412,0.079638,-0.1865
-0.41056,0.68147,-0.60584,0.90769,0.24219,-0.34269,-0.086803,-0.69061,-0.718,-0.024127,0.079645,-0.18651
-0.41056,0.68147,-0.60584,0.90769,0.24219,-0.34269,-0.086803,-0.69061,-0.718,-0.024133,0.079651,-0.18651
-0.41089,0.68149,-0.60559,0.90754,0.24249,-0.34288,-0.086825,-0.69048,-0.71812,-0.02413,0.07966,-0.18652
-0.41056,0.68147,-0.60584,0.90769,0.24219,-0.34269,-0.086806,-0.69061,-0.718,-0.024132,0.07966,-0.18653
-0.41056,0.68152,-0.60579,0.90769,0.24222,-0.34267,-0.086803,-0.69056,-0.71805,-0.024137,0.079664,-0.18654
-0.41056,0.68167,-0.60561,0.90769,0.2423,-0.34261,-0.086806,-0.69037,-0.71823,-0.024136,0.079667,-0.18655
-0.41056,0.68166,-0.60562,0.90769,0.2423,-0.34261,-0.086803,-0.69038,-0.71822,-0.024137,0.079665,-0.18655
-0.41089,0.6817,-0.60536,0.90754,0.2426,-0.3428,-0.086828,-0.69024,-0.71835,-0.024129,0.079664,-0.18656
-0.41072,0.68168,-0.60549,0.90762,0.24245,-0.34271,-0.086814,-0.69031,-0.71828,-0.024125,0.079663,-0.18656
-0.41056,0.68166,-0.60562,0.90769,0.2423,-0.34261,-0.086803,-0.69038,-0.71822,-0.024127,0.079661,-0.18657
-0.41056,0.68166,-0.60562,0.90769,0.2423,-0.34261,-0.086803,-0.69038,-0.71822,-0.024116,0.079656,-0.18658
-0.41089,0.68165,-0.60541,0.90754,0.24261,-0.34279,-0.086788,-0.69028,-0.71832,-0.024119,0.079677,-0.18662
-0.41087,0.6817,-0.60537,0.90754,0.24251,-0.34287,-0.08692,-0.69028,-0.71831,-0.024181,0.079783,-0.18677
-0.41081,0.68148,-0.60566,0.90752,0.24194,-0.34333,-0.087441,-0.69069,-0.71785,-0.024219,0.079852,-0.18687
-0.41079,0.68139,-0.60576,0.90752,0.2418,-0.34344,-0.087543,-0.69082,-0.71771,-0.024258,0.079922,-0.18697
-0.41077,0.68129,-0.6059,0.90752,0.24168,-0.34351,-0.087598,-0.69097,-0.71756,-0.024299,0.079984,-0.18706
-0.41071,0.68129,-0.60593,0.90752,0.24138,-0.34372,-0.087911,-0.69107,-0.71743,-0.024326,0.080053,-0.18712
-0.41097,0.68125,-0.60581,0.9074,0.24156,-0.34391,-0.087954,-0.69104,-0.71744,-0.024347,0.080152,-0.18718
-0.41089,0.68119,-0.60593,0.90741,0.24126,-0.3441,-0.088213,-0.69122,-0.71724,-0.024367,0.080226,-0.18723
-0.41084,0.68118,-0.60597,0.90743,0.24119,-0.3441,-0.088239,-0.69125,-0.71721,-0.024381,0.080288,-0.18727
-0.4108,0.68109,-0.6061,0.90744,0.24105,-0.34416,-0.088297,-0.69138,-0.71707,-0.024391,0.080352,-0.18732
-0.41095,0.68119,-0.60589,0.90737,0.2412,-0.34425,-0.08836,-0.69123,-0.71721,-0.024395,0.08036,-0.18732
-0.41095,0.68119,-0.60589,0.90737,0.2412,-0.34425,-0.08836,-0.69123,-0.71721,-0.024386,0.080361,-0.18733
-0.41089,0.68113,-0.606,0.90737,0.24096,-0.3444,-0.088565,-0.69138,-0.71705,-0.02439,0.080433,-0.18739
-0.41088,0.68113,-0.606,0.90739,0.24101,-0.34433,-0.088481,-0.69135,-0.71708,-0.024399,0.080499,-0.18749
-0.41082,0.6811,-0.60607,0.9074,0.24087,-0.34438,-0.088575,-0.69143,-0.71699,-0.0244,0.08057,-0.18756
-0.41077,0.68107,-0.60615,0.90742,0.24073,-0.34445,-0.08868,-0.69152,-0.7169,-0.024403,0.080647,-0.18763
-0.41072,0.68109,-0.60615,0.90743,0.2406,-0.34452,-0.088811,-0.69154,-0.71686,-0.024394,0.08071,-0.18769
-0.41083,0.68111,-0.60606,0.90736,0.24059,-0.34469,-0.088956,-0.69152,-0.71686,-0.024389,0.080733,-0.18769
-0.4108,0.68112,-0.60607,0.90737,0.24054,-0.34469,-0.088993,-0.69153,-0.71684,-0.024374,0.080753,-0.18766
-0.41109,0.68118,-0.6058,0.90723,0.24078,-0.34489,-0.089068,-0.69138,-0.71698,-0.024361,0.08078,-0.18766
-0.41106,0.68123,-0.60576,0.90726,0.24088,-0.34476,-0.088941,-0.6913,-0.71707,-0.024342,0.080815,-0.18767
-0.41103,0.68125,-0.60576,0.90727,0.24082,-0.34477,-0.088998,-0.6913,-0.71706,-0.024332,0.080844,-0.18767
-0.41098,0.68122,-0.60583,0.90727,0.24061,-0.34491,-0.08919,-0.69141,-0.71694,-0.024315,0.080876,-0.18767
-0.41092,0.68123,-0.60586,0.90728,0.24045,-0.345,-0.089348,-0.69146,-0.71687,-0.024297,0.080921,-0.18769
-0.41089,0.6812,-0.60591,0.90731,0.24051,-0.34488,-0.089208,-0.69146,-0.71689,-0.024272,0.080976,-0.18772
-0.41116,0.68128,-0.60564,0.90717,0.24064,-0.34517,-0.089421,-0.69134,-0.71698,-0.024251,0.081031,-0.18776
-0.41115,0.68147,-0.60543,0.90721,0.24103,-0.34479,-0.089041,-0.69101,-0.71734,-0.024234,0.081095,-0.18781
-0.41107,0.68141,-0.60555,0.90722,0.24071,-0.34499,-0.089317,-0.69119,-0.71714,-0.024211,0.081159,-0.18786
-0.41103,0.68154,-0.60544,0.90724,0.24082,-0.34484,-0.089214,-0.69102,-0.71731,-0.024186,0.081231,-0.18791
-0.41093,0.68141,-0.60566,0.90724,0.24025,-0.34524,-0.089739,-0.69135,-0.71693,-0.024163,0.081304,-0.18796
-0.41089,0.68153,-0.60555,0.90727,0.24038,-0.34507,-0.089614,-0.69118,-0.7171,-0.024138,0.081373,-0.18799
-0.41084,0.68169,-0.60539,0.90731,0.24056,-0.34486,-0.089456,-0.69096,-0.71734,-0.024117,0.081447,-0.18804
-0.41077,0.6817,-0.60543,0.90733,0.24042,-0.34489,-0.089558,-0.691,-0.71729,-0.024092,0.081524,-0.18809
-0.41088,0.68175,-0.60531,0.90728,0.24055,-0.34493,-0.089551,-0.69091,-0.71738,-0.024066,0.081598,-0.18814
-0.41083,0.68184,-0.60524,0.90731,0.24065,-0.34477,-0.089426,-0.69079,-0.71751,-0.024035,0.08168,-0.1882
-0.41111,0.68183,-0.60507,0.9072,0.24099,-0.34483,-0.089295,-0.69068,-0.71763,-0.023999,0.081775,-0.18828
-0.41103,0.68182,-0.60513,0.90723,0.24083,-0.34488,-0.08941,-0.69074,-0.71755,-0.023969,0.081869,-0.18834
-0.41092,0.68198,-0.60502,0.90726,0.24072,-0.34487,-0.089554,-0.69063,-0.71765,-0.023903,0.08198,-0.18839
-0.41082,0.68191,-0.60516,0.90729,0.24048,-0.34495,-0.089696,-0.69077,-0.71749,-0.023883,0.082086,-0.18845
-0.41093,0.68179,-0.60523,0.90726,0.24065,-0.34491,-0.089509,-0.69084,-0.71745,-0.023846,0.082198,-0.18852
-0.41095,0.6817,-0.60532,0.90721,0.24032,-0.34527,-0.089899,-0.69104,-0.71721,-0.023808,0.082325,-0.18857
-0.41081,0.68169,-0.60542,0.90724,0.23988,-0.34551,-0.090302,-0.6912,-0.717,-0.023773,0.082447,-0.18863
-0.41084,0.68171,-0.60538,0.90721,0.23978,-0.34566,-0.090478,-0.69121,-0.71697,-0.023734,0.082585,-0.18866
-0.41084,0.68179,-0.60529,0.90718,0.23963,-0.34583,-0.090737,-0.69119,-0.71695,-0.023694,0.082733,-0.18869
-0.41068,0.68181,-0.60538,0.90723,0.23933,-0.34591,-0.090957,-0.69128,-0.71684,-0.023658,0.082882,-0.18872
-0.41067,0.68183,-0.60537,0.9072,0.23906,-0.34617,-0.091304,-0.69135,-0.71673,-0.023613,0.083031,-0.18874
-0.41098,0.68189,-0.60508,0.90702,0.23907,-0.34665,-0.091721,-0.69128,-0.71674,-0.02357,0.083173,-0.18876
-0.41084,0.68194,-0.60512,0.90707,0.23887,-0.34664,-0.091843,-0.6913,-0.71671,-0.023522,0.083294,-0.18877
-0.41063,0.68197,-0.60523,0.90712,0.23835,-0.34689,-0.092314,-0.69145,-0.7165,-0.023472,0.083444,-0.18877
-0.41063,0.68189,-0.60532,0.9071,0.23813,-0.34708,-0.092525,-0.69161,-0.71632,-0.02343,0.083575,-0.18878
-0.41065,0.68199,-0.60519,0.9071,0.23828,-0.34699,-0.09244,-0.69146,-0.71648,-0.023395,0.083731,-0.18877
-0.41063,0.682,-0.6052,0.90708,0.23804,-0.3472,-0.092729,-0.69153,-0.71637,-0.023354,0.083871,-0.18877
-0.41076,0.68199,-0.60512,0.90697,0.2378,-0.34765,-0.093196,-0.69163,-0.71622,-0.023318,0.084014,-0.18876
-0.41092,0.68208,-0.60491,0.90689,0.23798,-0.34773,-0.093223,-0.69148,-0.71636,-0.023268,0.084159,-0.18876
-0.41072,0.68205,-0.60508,0.90693,0.23744,-0.34798,-0.093673,-0.69169,-0.71609,-0.023212,0.084289,-0.18875
-0.41057,0.68217,-0.60504,0.90699,0.23727,-0.34795,-0.093804,-0.69163,-0.71614,-0.023159,0.084414,-0.18874
-0.41052,0.68221,-0.60503,0.90696,0.23687,-0.3483,-0.094299,-0.69172,-0.71598,-0.023112,0.084551,-0.18872
-0.41053,0.68229,-0.60494,0.90695,0.23688,-0.34831,-0.094348,-0.69164,-0.71605,-0.023052,0.084682,-0.18871
-0.41081,0.68237,-0.60465,0.90677,0.23678,-0.34886,-0.094883,-0.6916,-0.71603,-0.022983,0.084806,-0.18871
-0.41064,0.68251,-0.6046,0.90683,0.23661,-0.34882,-0.095017,-0.69151,-0.71609,-0.022915,0.084936,-0.1887
-0.41077,0.68265,-0.60437,0.90673,0.23648,-0.34916,-0.095433,-0.69143,-0.71612,-0.022833,0.085061,-0.18869
-0.4106,0.68278,-0.60434,0.90679,0.23629,-0.34914,-0.095589,-0.69136,-0.71615,-0.022764,0.085181,-0.18867
-0.41026,0.68288,-0.60446,0.90692,0.23585,-0.34911,-0.095838,-0.69142,-0.71607,-0.022705,0.085306,-0.18866
-0.41055,0.6829,-0.60423,0.90674,0.23581,-0.34959,-0.096252,-0.69141,-0.71603,-0.022646,0.085435,-0.18864
-0.41038,0.68299,-0.60424,0.90679,0.2355,-0.34967,-0.096522,-0.69142,-0.71598,-0.022584,0.085556,-0.18863
-0.41035,0.68298,-0.60428,0.90676,0.23515,-0.34998,-0.096933,-0.69155,-0.71579,-0.022521,0.085672,-0.18862
-0.41033,0.68308,-0.60418,0.90674,0.235,-0.35013,-0.097184,-0.6915,-0.71581,-0.022458,0.085791,-0.18861
-0.41032,0.68314,-0.60412,0.90671,0.23473,-0.35041,-0.09757,-0.69154,-0.71572,-0.022386,0.085905,-0.18861
-0.41047,0.68322,-0.60393,0.90662,0.23481,-0.35057,-0.097713,-0.69143,-0.7158,-0.022309,0.086036,-0.1886
-0.41029,0.68325,-0.60402,0.90667,0.23439,-0.35073,-0.098062,-0.69154,-0.71565,-0.022227,0.086147,-0.18861
-0.41011,0.68336,-0.60401,0.90671,0.23399,-0.35091,-0.098463,-0.69157,-0.71557,-0.022153,0.086255,-0.18861
-0.41011,0.68338,-0.60398,0.90668,0.23384,-0.35107,-0.09868,-0.6916,-0.71551,-0.022079,0.086372,-0.18861
-0.41009,0.68348,-0.60389,0.90665,0.23357,-0.35134,-0.099086,-0.69159,-0.71546,-0.021992,0.086482,-0.18861
-0.41005,0.68341,-0.60399,0.90661,0.2331,-0.35175,-0.099602,-0.69182,-0.71517,-0.021901,0.086599,-0.18862
-0.41024,0.68364,-0.6036,0.90652,0.23337,-0.3518,-0.099641,-0.6915,-0.71547,-0.021818,0.086702,-0.18864
-0.41004,0.68364,-0.60375,0.90654,0.2327,-0.35219,-0.10028,-0.69173,-0.71516,-0.021713,0.0868,-0.18864
-0.40991,0.68383,-0.60362,0.9066,0.2327,-0.35204,-0.10027,-0.69154,-0.71534,-0.021631,0.086914,-0.18866
-0.41,0.68383,-0.60355,0.90648,0.23225,-0.35264,-0.10097,-0.69169,-0.7151,-0.021523,0.087025,-0.18866
-0.40984,0.68408,-0.60338,0.90653,0.23211,-0.3526,-0.10116,-0.69149,-0.71527,-0.02143,0.087135,-0.18867
-0.40965,0.68412,-0.60347,0.90657,0.23164,-0.3528,-0.10157,-0.69161,-0.71509,-0.021335,0.087253,-0.18868
-0.40977,0.68417,-0.60332,0.90647,0.23146,-0.35319,-0.10199,-0.69162,-0.71503,-0.021236,0.087361,-0.1887
-0.40973,0.68432,-0.60317,0.90642,0.23109,-0.35355,-0.10256,-0.69159,-0.71497,-0.021123,0.087471,-0.18872
-0.40989,0.68438,-0.603,0.90632,0.23105,-0.35385,-0.10284,-0.69155,-0.71497,-0.021041,0.087576,-0.18874
-0.40968,0.68445,-0.60307,0.90634,0.2304,-0.35421,-0.10349,-0.6917,-0.71473,-0.020944,0.087687,-0.18875
-0.40955,0.68445,-0.60316,0.9064,0.23029,-0.35412,-0.10347,-0.69173,-0.7147,-0.020863,0.08779,-0.18875
-0.40952,0.6846,-0.603,0.90637,0.23005,-0.35437,-0.10388,-0.69166,-0.71471,-0.020772,0.087896,-0.18876
-0.40951,0.68479,-0.6028,0.90633,0.22986,-0.35458,-0.10425,-0.69154,-0.71477,-0.020666,0.087989,-0.18879
-0.40937,0.68497,-0.60268,0.90637,0.22967,-0.35461,-0.10448,-0.69142,-0.71486,-0.020551,0.088069,-0.18883
-0.40918,0.68516,-0.6026,0.90639,0.2292,-0.35485,-0.10502,-0.69139,-0.71481,-0.020438,0.088165,-0.18887
-0.40903,0.68529,-0.60256,0.90642,0.22889,-0.35497,-0.10534,-0.69137,-0.71478,-0.020329,0.088248,-0.1889
-0.40887,0.68543,-0.60251,0.90645,0.22857,-0.35511,-0.10568,-0.69134,-0.71476,-0.020239,0.088339,-0.18891
-0.40876,0.68553,-0.60246,0.90651,0.22854,-0.35499,-0.10567,-0.69124,-0.71486,-0.020136,0.088428,-0.18893
-0.40889,0.68581,-0.60206,0.90637,0.22836,-0.35545,-0.10628,-0.69103,-0.71497,-0.020034,0.088506,-0.18896
-0.40861,0.68588,-0.60217,0.90648,0.22798,-0.35542,-0.10649,-0.69109,-0.71488,-0.019913,0.088572,-0.189
-0.40848,0.6861,-0.60201,0.9065,0.22778,-0.35549,-0.10677,-0.69093,-0.71499,-0.019797,0.08863,-0.18902
-0.40836,0.68639,-0.60176,0.90653,0.22769,-0.35547,-0.10698,-0.69067,-0.71521,-0.019657,0.088691,-0.18905
-0.40838,0.68665,-0.60145,0.90648,0.22759,-0.35567,-0.10734,-0.69045,-0.71537,-0.019525,0.088748,-0.18909
-0.40823,0.68693,-0.60122,0.90649,0.22724,-0.35588,-0.10784,-0.69028,-0.71546,-0.019402,0.088809,-0.18913
-0.40816,0.68713,-0.60105,0.90653,0.22733,-0.35571,-0.10778,-0.69006,-0.71569,-0.019278,0.088874,-0.18918
-0.40765,0.68746,-0.60101,0.90667,0.22656,-0.35583,-0.10846,-0.68997,-0.71566,-0.019163,0.088947,-0.1892
-0.40757,0.6876,-0.60091,0.90672,0.22664,-0.35566,-0.10836,-0.68981,-0.71583,-0.019076,0.089011,-0.18921
-0.40746,0.68769,-0.60088,0.90674,0.22638,-0.35577,-0.10863,-0.68981,-0.7158,-0.018974,0.089062,-0.18924
-0.40734,0.68783,-0.6008,0.90676,0.22613,-0.35588,-0.10893,-0.68975,-0.71581,-0.018856,0.089113,-0.18927
-0.4072,0.68793,-0.60078,0.90676,0.22572,-0.35614,-0.10939,-0.68978,-0.7157,-0.018749,0.089158,-0.1893
-0.40707,0.68813,-0.60065,0.90679,0.22552,-0.35619,-0.10965,-0.68966,-0.71579,-0.018599,0.089223,-0.18934
-0.40694,0.68834,-0.60049,0.90681,0.22525,-0.35632,-0.11001,-0.68953,-0.71585,-0.018471,0.089274,-0.18938
-0.4068,0.68872,-0.60015,0.90682,0.22503,-0.35644,-0.11044,-0.68923,-0.71608,-0.018333,0.089331,-0.18941
-0.40651,0.68875,-0.60031,0.90691,0.22454,-0.35651,-0.11075,-0.68935,-0.71591,-0.018212,0.089383,-0.18944
-0.40637,0.68908,-0.60003,0.90693,0.22431,-0.35661,-0.11114,-0.6891,-0.71609,-0.018078,0.089445,-0.18947
-0.40622,0.6892,-0.59998,0.90694,0.22392,-0.35683,-0.11158,-0.6891,-0.71602,-0.017971,0.089497,-0.18949
-0.4061,0.68927,-0.59999,0.90695,0.2236,-0.35699,-0.11191,-0.68913,-0.71594,-0.017862,0.089558,-0.18951
-0.40596,0.68955,-0.59977,0.90698,0.2234,-0.35706,-0.11222,-0.68892,-0.71609,-0.01774,0.089621,-0.18953
-0.40582,0.68976,-0.59962,0.907,0.22317,-0.35713,-0.11252,-0.68878,-0.71618,-0.017624,0.08969,-0.18955
-0.4057,0.68982,-0.59962,0.90703,0.22299,-0.35716,-0.11267,-0.68878,-0.71616,-0.01751,0.089754,-0.18958
-0.40557,0.68997,-0.59954,0.90706,0.22276,-0.35724,-0.11293,-0.68871,-0.71619,-0.01741,0.089829,-0.1896
-0.40542,0.69011,-0.59948,0.90709,0.22248,-0.35733,-0.11323,-0.68865,-0.71619,-0.017316,0.089908,-0.18961
-0.40526,0.69016,-0.59954,0.9071,0.222,-0.3576,-0.1137,-0.68877,-0.71601,-0.017227,0.089974,-0.18964
-0.40513,0.6904,-0.59935,0.90714,0.22189,-0.35759,-0.11389,-0.68856,-0.71618,-0.017134,0.090052,-0.18966
-0.40501,0.6905,-0.59931,0.90716,0.22166,-0.35767,-0.11413,-0.68853,-0.71617,-0.017043,0.090119,-0.18969
-0.40489,0.69057,-0.59932,0.90719,0.2214,-0.35776,-0.11437,-0.68855,-0.71612,-0.016951,0.090187,-0.18972
-0.40474,0.69079,-0.59916,0.9072,0.22108,-0.35792,-0.11478,-0.68842,-0.71617,-0.016849,0.090255,-0.18976
-0.40461,0.69085,-0.59918,0.90723,0.22082,-0.35802,-0.11502,-0.68845,-0.7161,-0.016757,0.090317,-0.18977
-0.40449,0.69087,-0.59924,0.90725,0.22053,-0.35814,-0.11527,-0.68853,-0.71599,-0.016661,0.090384,-0.1898
-0.40405,0.69096,-0.59943,0.90743,0.22007,-0.35798,-0.11544,-0.68858,-0.71591,-0.016574,0.090456,-0.18983
-0.40391,0.69111,-0.59935,0.90744,0.21973,-0.35816,-0.11583,-0.68854,-0.71589,-0.016484,0.090512,-0.18986
-0.40379,0.69118,-0.59935,0.90746,0.2195,-0.35824,-0.11605,-0.68854,-0.71585,-0.016397,0.090577,-0.18988
-0.40363,0.69125,-0.59938,0.90747,0.21904,-0.3585,-0.11652,-0.68862,-0.7157,-0.016309,0.090637,-0.1899
-0.4036,0.69201,-0.59852,0.90742,0.2191,-0.35858,-0.117,-0.68783,-0.71638,-0.016284,0.090782,-0.18994
-0.40388,0.69186,-0.59851,0.90734,0.21949,-0.35856,-0.11671,-0.68787,-0.71639,-0.016317,0.090865,-0.18989
-0.40385,0.69161,-0.59881,0.90741,0.21968,-0.35825,-0.11622,-0.68805,-0.7163,-0.016375,0.090967,-0.18984
-0.4038,0.69142,-0.59907,0.90748,0.21982,-0.35798,-0.11583,-0.6882,-0.71622,-0.016439,0.091072,-0.18978
-0.40371,0.69113,-0.59946,0.90754,0.21969,-0.35791,-0.11567,-0.68853,-0.71593,-0.016514,0.091181,-0.18972
-0.40358,0.69086,-0.59986,0.9076,0.21939,-0.35796,-0.1157,-0.6889,-0.71556,-0.0166,0.091296,-0.18966
-0.40362,0.69073,-0.59998,0.90758,0.2193,-0.35807,-0.11576,-0.68905,-0.7154,-0.016691,0.09141,-0.18959
-0.40384,0.69035,-0.60027,0.90749,0.21939,-0.35823,-0.11561,-0.68941,-0.71509,-0.016808,0.091534,-0.18953
-0.40366,0.69013,-0.60065,0.90751,0.21867,-0.35863,-0.11615,-0.68985,-0.71457,-0.016925,0.091645,-0.18947
-0.4038,0.68969,-0.60106,0.90754,0.21911,-0.35828,-0.11541,-0.69016,-0.7144,-0.017038,0.091781,-0.18941
-0.40403,0.68945,-0.60118,0.90746,0.2193,-0.35837,-0.11524,-0.69034,-0.71425,-0.017136,0.091889,-0.18936
-0.40393,0.68925,-0.60148,0.9075,0.21908,-0.3584,-0.11525,-0.69061,-0.71398,-0.017204,0.091983,-0.18932
-0.40416,0.68909,-0.60151,0.9074,0.21922,-0.35855,-0.11521,-0.69073,-0.71388,-0.017252,0.092067,-0.18929
-0.40407,0.68888,-0.6018,0.90744,0.21901,-0.35858,-0.11521,-0.69099,-0.71362,-0.017295,0.092146,-0.18926
-0.40429,0.68884,-0.6017,0.90733,0.21913,-0.35879,-0.1153,-0.691,-0.7136,-0.017331,0.092224,-0.18924
-0.4042,0.68883,-0.60177,0.90736,0.21893,-0.35885,-0.11544,-0.69107,-0.71351,-0.017364,0.092294,-0.18924
-0.40409,0.6888,-0.60189,0.90736,0.21855,-0.35907,-0.11578,-0.69123,-0.7133,-0.01739,0.092361,-0.18924
-0.40427,0.68884,-0.60171,0.90724,0.2185,-0.35941,-0.1161,-0.6912,-0.71328,-0.017402,0.092438,-0.18924
-0.40422,0.68883,-0.60177,0.90727,0.21846,-0.35936,-0.11608,-0.69123,-0.71325,-0.017418,0.092504,-0.18925
-0.40414,0.68873,-0.60193,0.90729,0.21824,-0.35944,-0.11619,-0.69139,-0.71308,-0.017434,0.092576,-0.18928
