-0.45502,0.64469,-0.61427,0.87662,0.20307,-0.43623,-0.15649,-0.73698,-0.65755,-0.026468,0.07543,-0.18654
-0.45487,0.64446,-0.61462,0.8767,0.20278,-0.4362,-0.15648,-0.73726,-0.65724,-0.026482,0.07542,-0.18652
-0.45518,0.64451,-0.61435,0.87654,0.20307,-0.43639,-0.1565,-0.73714,-0.65737,-0.026476,0.075407,-0.18651
-0.45487,0.64446,-0.61462,0.8767,0.20278,-0.4362,-0.15648,-0.73726,-0.65724,-0.026476,0.075391,-0.18649
-0.45518,0.64451,-0.61435,0.87654,0.20307,-0.43639,-0.1565,-0.73714,-0.65737,-0.02647,0.075376,-0.18647
-0.45518,0.64451,-0.61435,0.87654,0.20307,-0.43639,-0.1565,-0.73714,-0.65737,-0.026466,0.075368,-0.18646
-0.45487,0.64446,-0.61462,0.8767,0.20278,-0.4362,-0.15648,-0.73726,-0.65724,-0.026466,0.075354,-0.18645
-0.45518,0.64451,-0.61435,0.87654,0.20307,-0.43639,-0.1565,-0.73714,-0.65737,-0.026465,0.075357,-0.18644
-0.45487,0.64446,-0.61462,0.8767,0.20278,-0.4362,-0.15648,-0.73726,-0.65724,-0.026471,0.075363,-0.18644
-0.45518,0.64451,-0.61435,0.87654,0.20307,-0.43639,-0.1565,-0.73714,-0.65737,-0.026473,0.07536,-0.18645
-0.45518,0.64471,-0.61414,0.87654,0.20322,-0.43632,-0.15649,-0.73692,-0.65761,-0.026479,0.075371,-0.18645
-0.45487,0.64467,-0.61441,0.87671,0.20293,-0.43613,-0.15647,-0.73703,-0.65749,-0.026482,0.075371,-0.18646
-0.45518,0.64471,-0.61414,0.87654,0.20322,-0.43632,-0.15649,-0.73692,-0.65761,-0.026488,0.075377,-0.18646
-0.45487,0.64466,-0.61441,0.87671,0.20293,-0.43613,-0.15647,-0.73704,-0.65749,-0.026497,0.075383,-0.18646
-0.45486,0.64467,-0.6144,0.87671,0.20293,-0.43613,-0.15648,-0.73703,-0.6575,-0.026497,0.07539,-0.18646
-0.45518,0.64471,-0.61414,0.87654,0.20322,-0.43633,-0.1565,-0.73692,-0.65761,-0.026501,0.07539,-0.18647
-0.45487,0.64466,-0.61441,0.8767,0.20293,-0.43613,-0.15648,-0.73704,-0.65748,-0.026506,0.075391,-0.18647
-0.45487,0.64466,-0.61441,0.8767,0.20293,-0.43613,-0.15648,-0.73704,-0.65748,-0.026513,0.0754,-0.18648
-0.45518,0.64471,-0.61414,0.87654,0.20322,-0.43633,-0.1565,-0.73692,-0.65761,-0.026515,0.075401,-0.18649
-0.45518,0.64471,-0.61414,0.87654,0.20322,-0.43633,-0.1565,-0.73692,-0.65761,-0.026523,0.0754,-0.1865
-0.45487,0.64466,-0.61441,0.87671,0.20293,-0.43613,-0.15647,-0.73704,-0.65749,-0.026529,0.075409,-0.1865
-0.45518,0.64471,-0.61414,0.87654,0.20322,-0.43633,-0.1565,-0.73692,-0.65761,-0.026534,0.075411,-0.1865
-0.45487,0.64446,-0.61462,0.8767,0.20278,-0.4362,-0.15648,-0.73726,-0.65724,-0.026539,0.07542,-0.18651
-0.45518,0.64451,-0.61435,0.87654,0.20307,-0.43639,-0.1565,-0.73714,-0.65737,-0.026543,0.075422,-0.18651
-0.45518,0.64451,-0.61435,0.87654,0.20307,-0.43639,-0.1565,-0.73714,-0.65737,-0.02655,0.075432,-0.18652
-0.45516,0.64464,-0.61423,0.87653,0.20304,-0.43644,-0.15663,-0.73703,-0.65745,-0.026553,0.075439,-0.18652
-0.45485,0.64459,-0.6145,0.87669,0.20275,-0.43624,-0.15661,-0.73715,-0.65733,-0.026565,0.075441,-0.18652
-0.45516,0.64474,-0.61412,0.87653,0.20311,-0.4364,-0.15663,-0.73692,-0.65758,-0.026565,0.075454,-0.18652
-0.45485,0.64469,-0.61439,0.87669,0.20282,-0.43621,-0.15661,-0.73704,-0.65745,-0.026574,0.075458,-0.18653
-0.45485,0.64469,-0.61439,0.87669,0.20282,-0.43621,-0.15661,-0.73704,-0.65745,-0.026581,0.075461,-0.18653
-0.45516,0.64474,-0.61412,0.87653,0.20311,-0.43641,-0.15664,-0.73692,-0.65758,-0.026579,0.075466,-0.18653
-0.45485,0.64469,-0.61439,0.87669,0.20282,-0.43621,-0.15661,-0.73704,-0.65745,-0.026587,0.075468,-0.18654
-0.45485,0.64461,-0.61449,0.87669,0.20275,-0.43624,-0.15662,-0.73714,-0.65734,-0.026594,0.075477,-0.18654
-0.45516,0.64465,-0.61422,0.87653,0.20304,-0.43644,-0.15664,-0.73702,-0.65746,-0.026599,0.075479,-0.18655
-0.45485,0.6445,-0.6146,0.87669,0.20268,-0.43628,-0.15662,-0.73725,-0.65722,-0.026605,0.075484,-0.18655
-0.45516,0.64465,-0.61422,0.87653,0.20304,-0.43644,-0.15664,-0.73702,-0.65746,-0.026613,0.075496,-0.18655
-0.45516,0.64454,-0.61433,0.87653,0.20297,-0.43647,-0.15664,-0.73714,-0.65734,-0.026621,0.075502,-0.18655
-0.45488,0.64454,-0.61453,0.87672,0.20296,-0.43608,-0.15635,-0.73714,-0.65741,-0.026624,0.075507,-0.18656
-0.45519,0.64459,-0.61425,0.87655,0.20325,-0.43628,-0.15637,-0.73702,-0.65753,-0.02663,0.07552,-0.18657
-0.45488,0.64454,-0.61453,0.87672,0.20296,-0.43608,-0.15635,-0.73714,-0.65741,-0.026638,0.075522,-0.18657
-0.45488,0.64454,-0.61453,0.87672,0.20296,-0.43608,-0.15635,-0.73714,-0.65741,-0.026639,0.075526,-0.18658
-0.45488,0.64454,-0.61453,0.87672,0.20296,-0.43608,-0.15635,-0.73714,-0.65741,-0.026636,0.075527,-0.18659
-0.45485,0.64461,-0.61449,0.87669,0.20275,-0.43624,-0.15662,-0.73714,-0.65734,-0.02663,0.075531,-0.18659
-0.45485,0.6446,-0.6145,0.87669,0.20275,-0.43624,-0.15662,-0.73715,-0.65733,-0.026626,0.075537,-0.1866
-0.45516,0.64464,-0.61422,0.87653,0.20304,-0.43644,-0.15664,-0.73703,-0.65746,-0.026623,0.075541,-0.18659
-0.45485,0.6446,-0.6145,0.87669,0.20275,-0.43624,-0.15662,-0.73715,-0.65733,-0.026622,0.075542,-0.1866
-0.45516,0.64465,-0.61422,0.87653,0.20304,-0.43644,-0.15664,-0.73702,-0.65746,-0.026614,0.075546,-0.1866
-0.45485,0.64461,-0.61449,0.87669,0.20275,-0.43624,-0.15662,-0.73714,-0.65734,-0.026616,0.075544,-0.18661
-0.45517,0.64457,-0.61429,0.87654,0.20311,-0.43638,-0.15651,-0.73707,-0.65744,-0.026614,0.075546,-0.18661
-0.45519,0.64458,-0.61426,0.87655,0.20325,-0.43628,-0.15637,-0.73702,-0.65753,-0.026614,0.075551,-0.18661
-0.45488,0.64454,-0.61453,0.87672,0.20296,-0.43608,-0.15635,-0.73714,-0.6574,-0.026616,0.07555,-0.18661
-0.45519,0.64458,-0.61426,0.87655,0.20325,-0.43628,-0.15637,-0.73702,-0.65753,-0.026611,0.075551,-0.18661
-0.45521,0.64449,-0.61435,0.87655,0.2032,-0.43631,-0.15636,-0.73712,-0.65742,-0.026652,0.075563,-0.18662
-0.45523,0.64423,-0.6146,0.87653,0.20302,-0.43644,-0.15639,-0.7374,-0.6571,-0.026736,0.075586,-0.18665
-0.45529,0.64406,-0.61474,0.87652,0.20303,-0.43646,-0.1563,-0.73754,-0.65696,-0.026868,0.075638,-0.18672
-0.45527,0.64425,-0.61455,0.87645,0.20276,-0.43673,-0.15676,-0.73745,-0.65696,-0.026983,0.075703,-0.18682
-0.45528,0.64436,-0.61443,0.87642,0.20274,-0.43679,-0.15687,-0.73736,-0.65703,-0.027084,0.075774,-0.18692
-0.45524,0.64451,-0.6143,0.87637,0.2025,-0.43699,-0.15725,-0.73729,-0.65702,-0.027196,0.07586,-0.18703
-0.45519,0.64433,-0.61452,0.87638,0.20226,-0.43709,-0.15733,-0.73752,-0.65674,-0.027289,0.075982,-0.18713
-0.45529,0.64447,-0.6143,0.87627,0.20219,-0.43734,-0.15765,-0.73741,-0.65679,-0.027375,0.076076,-0.18724
-0.45521,0.64456,-0.61427,0.87625,0.20187,-0.43753,-0.15801,-0.73742,-0.65669,-0.027463,0.0762,-0.18735
-0.45511,0.64468,-0.61422,0.87625,0.20161,-0.43766,-0.15831,-0.73739,-0.65665,-0.027526,0.076328,-0.18744
-0.45533,0.64456,-0.61418,0.8761,0.20155,-0.43798,-0.15852,-0.73751,-0.65647,-0.027593,0.076474,-0.18754
-0.45521,0.64468,-0.61414,0.87614,0.20143,-0.43796,-0.15863,-0.73744,-0.65652,-0.027654,0.076614,-0.18761
-0.45506,0.64502,-0.61389,0.87615,0.20122,-0.43804,-0.15902,-0.7372,-0.6567,-0.027704,0.076754,-0.18767
-0.45538,0.64496,-0.61372,0.87593,0.20122,-0.43848,-0.15931,-0.73725,-0.65657,-0.027744,0.076892,-0.18772
-0.45534,0.64482,-0.6139,0.87605,0.20156,-0.43807,-0.15874,-0.73728,-0.65667,-0.027793,0.077051,-0.18777
-0.45528,0.6448,-0.61397,0.87597,0.20096,-0.43852,-0.15937,-0.73746,-0.65632,-0.027833,0.077189,-0.1878
-0.45522,0.64472,-0.6141,0.8761,0.20128,-0.43811,-0.15885,-0.73745,-0.65646,-0.027889,0.077349,-0.18782
-0.45533,0.64464,-0.61409,0.87596,0.20097,-0.43853,-0.15928,-0.7376,-0.65619,-0.027939,0.077501,-0.18785
-0.45521,0.64438,-0.61446,0.87605,0.2008,-0.43843,-0.15913,-0.73787,-0.65591,-0.027979,0.07764,-0.18785
-0.45521,0.64449,-0.61434,0.87605,0.20088,-0.4384,-0.15914,-0.73775,-0.65605,-0.028011,0.077788,-0.18785
-0.45555,0.64443,-0.61415,0.87589,0.20121,-0.43856,-0.15906,-0.73771,-0.65611,-0.028051,0.07793,-0.18785
-0.45535,0.64444,-0.61429,0.87591,0.20067,-0.43876,-0.15948,-0.73786,-0.65584,-0.028087,0.078073,-0.18787
-0.45534,0.64424,-0.61451,0.87585,0.20018,-0.43912,-0.15988,-0.73816,-0.6554,-0.02812,0.078186,-0.18789
-0.45526,0.64409,-0.61472,0.87593,0.2002,-0.43894,-0.15966,-0.73828,-0.65532,-0.028143,0.078312,-0.18792
-0.45558,0.64403,-0.61455,0.87576,0.20043,-0.43918,-0.15967,-0.73828,-0.65532,-0.028161,0.078448,-0.18795
-0.45528,0.64395,-0.61486,0.87589,0.19998,-0.43911,-0.15981,-0.73847,-0.65508,-0.028179,0.078576,-0.18798
-0.4554,0.64409,-0.61462,0.87576,0.19987,-0.43943,-0.16019,-0.73838,-0.65509,-0.028175,0.078688,-0.188
-0.45524,0.644,-0.61483,0.87577,0.19932,-0.43966,-0.16059,-0.7386,-0.65474,-0.02818,0.078801,-0.18805
-0.45555,0.64401,-0.6146,0.87558,0.19951,-0.43994,-0.1607,-0.73855,-0.65477,-0.028185,0.078927,-0.18808
-0.45545,0.64408,-0.61459,0.87567,0.19961,-0.43973,-0.16054,-0.73845,-0.65492,-0.0282,0.079045,-0.1881
-0.45512,0.64402,-0.61489,0.87577,0.19898,-0.43981,-0.16089,-0.73867,-0.65458,-0.028213,0.07915,-0.18813
-0.45535,0.64405,-0.6147,0.8757,0.1994,-0.43977,-0.16066,-0.73854,-0.65479,-0.028218,0.079256,-0.18816
-0.45526,0.64397,-0.61486,0.87573,0.19918,-0.43981,-0.16075,-0.73867,-0.65462,-0.028228,0.079338,-0.1882
-0.45532,0.6439,-0.61488,0.87568,0.19909,-0.43995,-0.16086,-0.73875,-0.6545,-0.028222,0.079413,-0.18825
-0.45553,0.64401,-0.61461,0.87553,0.19918,-0.4402,-0.16107,-0.73863,-0.65458,-0.028226,0.079494,-0.18831
-0.45542,0.64394,-0.61476,0.87553,0.19878,-0.44038,-0.16138,-0.7388,-0.65432,-0.028235,0.07957,-0.18835
-0.45537,0.64393,-0.61481,0.87557,0.19878,-0.4403,-0.16131,-0.73881,-0.65432,-0.028246,0.07963,-0.18841
-0.45534,0.64394,-0.61482,0.87561,0.1989,-0.44015,-0.16114,-0.73877,-0.65441,-0.028243,0.079688,-0.18847
-0.4553,0.64384,-0.61496,0.87563,0.19878,-0.44017,-0.16116,-0.73889,-0.65427,-0.028242,0.079745,-0.18853
-0.45552,0.64385,-0.61479,0.87546,0.19873,-0.44054,-0.16146,-0.7389,-0.65419,-0.028232,0.0798,-0.18861
-0.4555,0.6439,-0.61475,0.87548,0.19879,-0.44047,-0.16141,-0.73884,-0.65427,-0.028226,0.079845,-0.18868
-0.45547,0.64402,-0.61465,0.8755,0.19888,-0.44039,-0.16137,-0.73871,-0.65442,-0.028213,0.079891,-0.18874
-0.45544,0.64407,-0.61462,0.87552,0.1989,-0.44034,-0.16136,-0.73866,-0.65448,-0.028202,0.079934,-0.18881
-0.45541,0.6441,-0.61461,0.87554,0.19891,-0.4403,-0.16134,-0.73863,-0.65452,-0.028188,0.079974,-0.18887
-0.45551,0.64412,-0.61451,0.87545,0.19886,-0.44049,-0.16153,-0.73862,-0.65448,-0.028165,0.080003,-0.18895
-0.45563,0.64427,-0.61426,0.87538,0.19902,-0.44058,-0.1616,-0.73845,-0.65466,-0.02815,0.08004,-0.18902
-0.45549,0.64445,-0.61418,0.87549,0.19919,-0.44028,-0.1614,-0.73825,-0.65494,-0.028122,0.080058,-0.18909
-0.45546,0.64443,-0.61421,0.87549,0.19908,-0.44033,-0.16148,-0.73829,-0.65487,-0.028101,0.080085,-0.18916
-0.45545,0.64459,-0.61406,0.8755,0.19923,-0.44023,-0.16143,-0.73811,-0.65508,-0.028083,0.080112,-0.18921
-0.45542,0.64453,-0.61415,0.8755,0.19909,-0.44029,-0.16151,-0.73821,-0.65495,-0.028056,0.080131,-0.18929
-0.45543,0.64461,-0.61406,0.87553,0.1993,-0.44014,-0.16134,-0.73808,-0.65514,-0.028036,0.080163,-0.18937
-0.45543,0.64471,-0.61395,0.87556,0.19951,-0.43999,-0.16118,-0.73793,-0.65535,-0.02801,0.080183,-0.18941
-0.45559,0.64471,-0.61382,0.8755,0.19979,-0.43997,-0.16102,-0.73785,-0.65547,-0.027983,0.080199,-0.18947
-0.45541,0.64463,-0.61405,0.87559,0.1995,-0.43994,-0.1611,-0.738,-0.65529,-0.027956,0.080221,-0.18952
-0.45538,0.64476,-0.61393,0.87558,0.1995,-0.43995,-0.16118,-0.73789,-0.65539,-0.027927,0.080242,-0.18959
-0.45535,0.64482,-0.61389,0.87558,0.19942,-0.43998,-0.16129,-0.73786,-0.6554,-0.027893,0.080257,-0.18965
-0.45531,0.6449,-0.61384,0.87558,0.19933,-0.44003,-0.16142,-0.73782,-0.65542,-0.027868,0.080282,-0.18972
-0.45533,0.64496,-0.61376,0.8756,0.19953,-0.4399,-0.16125,-0.73771,-0.65558,-0.027843,0.080297,-0.1898
-0.4553,0.64502,-0.61372,0.87559,0.19943,-0.43996,-0.16138,-0.73768,-0.65557,-0.027814,0.080317,-0.18987
-0.45527,0.64502,-0.61374,0.87558,0.1993,-0.44004,-0.16152,-0.73771,-0.65551,-0.027784,0.080331,-0.18994
-0.45526,0.6451,-0.61366,0.87558,0.19934,-0.44002,-0.16153,-0.73764,-0.65559,-0.027749,0.080351,-0.19002
-0.45527,0.64506,-0.6137,0.8756,0.1994,-0.43997,-0.16143,-0.73766,-0.65559,-0.027715,0.080373,-0.1901
-0.45495,0.64506,-0.61394,0.87576,0.1991,-0.43978,-0.16145,-0.73774,-0.65549,-0.027683,0.080384,-0.19018
-0.45496,0.64483,-0.61416,0.87576,0.199,-0.43981,-0.16139,-0.73796,-0.65526,-0.027646,0.080396,-0.19027
-0.45494,0.64515,-0.61385,0.87573,0.19903,-0.43986,-0.1616,-0.73768,-0.65553,-0.027615,0.080404,-0.19037
-0.45495,0.64518,-0.61381,0.87574,0.19911,-0.43981,-0.16154,-0.73763,-0.65559,-0.027582,0.08041,-0.19046
-0.45483,0.64511,-0.61397,0.87581,0.19896,-0.43974,-0.16153,-0.73773,-0.65549,-0.02756,0.080415,-0.1905
-0.45483,0.6453,-0.61377,0.87581,0.19909,-0.43969,-0.16153,-0.73753,-0.65571,-0.027542,0.08042,-0.19055
-0.45484,0.64542,-0.61364,0.8758,0.19917,-0.43967,-0.16156,-0.7374,-0.65585,-0.027524,0.080421,-0.19061
-0.45455,0.64535,-0.61394,0.87595,0.19884,-0.43952,-0.16157,-0.73756,-0.65567,-0.027504,0.080414,-0.19067
-0.45459,0.64508,-0.61418,0.87596,0.19885,-0.43949,-0.16138,-0.73779,-0.65546,-0.027483,0.080414,-0.19075
-0.45464,0.64511,-0.61411,0.87594,0.19895,-0.43948,-0.16134,-0.73773,-0.65553,-0.027461,0.08041,-0.19085
-0.45467,0.64523,-0.61397,0.87593,0.19908,-0.43945,-0.16132,-0.7376,-0.65569,-0.027431,0.08042,-0.19095
-0.45467,0.64509,-0.61411,0.87591,0.19888,-0.43958,-0.16144,-0.73777,-0.65547,-0.027386,0.08042,-0.19104
-0.45466,0.64524,-0.61397,0.87588,0.19884,-0.43965,-0.1616,-0.73766,-0.65555,-0.027344,0.080425,-0.19117
-0.45468,0.64534,-0.61385,0.87586,0.19889,-0.43967,-0.16165,-0.73755,-0.65566,-0.027302,0.08042,-0.1913
-0.45472,0.64542,-0.61373,0.87582,0.1989,-0.43974,-0.16174,-0.73748,-0.65572,-0.027331,0.080393,-0.19127
-0.45475,0.64543,-0.6137,0.87583,0.19903,-0.43966,-0.16162,-0.73743,-0.6558,-0.027335,0.08039,-0.19128
-0.45445,0.64538,-0.61398,0.87599,0.19873,-0.43948,-0.16162,-0.73756,-0.65566,-0.027321,0.080386,-0.1913
-0.45445,0.64546,-0.61388,0.87598,0.19878,-0.43948,-0.16164,-0.73747,-0.65575,-0.027308,0.080384,-0.19132
-0.45448,0.64539,-0.61394,0.87599,0.19883,-0.43945,-0.16154,-0.73753,-0.65571,-0.027294,0.080377,-0.19135
-0.45448,0.6455,-0.61382,0.87597,0.19885,-0.43947,-0.16162,-0.73742,-0.65581,-0.027276,0.080364,-0.19138
-0.45453,0.64534,-0.61395,0.87598,0.19894,-0.43942,-0.16143,-0.73754,-0.65572,-0.027256,0.080368,-0.19141
-0.45455,0.64504,-0.61426,0.87597,0.19873,-0.43952,-0.16143,-0.73786,-0.65537,-0.027231,0.080348,-0.19146
-0.45458,0.6452,-0.61406,0.87597,0.19897,-0.43942,-0.16133,-0.73765,-0.65562,-0.027182,0.080332,-0.19157
-0.4546,0.64533,-0.61392,0.87595,0.199,-0.43944,-0.16141,-0.73753,-0.65574,-0.027098,0.080327,-0.19171
-0.45456,0.6454,-0.61387,0.8759,0.19873,-0.43967,-0.16177,-0.73754,-0.65564,-0.027029,0.080338,-0.19185
-0.45453,0.64564,-0.61364,0.87586,0.19861,-0.4398,-0.16207,-0.73736,-0.65576,-0.026945,0.08035,-0.19201
-0.45435,0.64573,-0.61368,0.87592,0.19837,-0.43978,-0.16224,-0.73735,-0.65574,-0.026851,0.08036,-0.19217
-0.45434,0.64592,-0.61349,0.87587,0.19821,-0.43996,-0.16258,-0.73723,-0.65579,-0.026826,0.080358,-0.1922
-0.45434,0.64554,-0.61389,0.87588,0.19798,-0.44005,-0.16253,-0.73762,-0.65536,-0.026815,0.080353,-0.19222
-0.45433,0.64558,-0.61385,0.87587,0.19797,-0.44006,-0.16257,-0.73758,-0.65539,-0.026787,0.08036,-0.19225
-0.45431,0.64566,-0.61377,0.87587,0.19796,-0.44007,-0.16263,-0.73752,-0.65545,-0.026754,0.080364,-0.19229
-0.4543,0.6455,-0.61396,0.87588,0.19784,-0.4401,-0.16262,-0.7377,-0.65526,-0.026704,0.080365,-0.19237
-0.45429,0.6455,-0.61397,0.87589,0.19786,-0.44008,-0.16259,-0.73769,-0.65527,-0.026635,0.08037,-0.19245
-0.45426,0.64558,-0.61391,0.87587,0.19773,-0.44017,-0.16278,-0.73766,-0.65526,-0.026552,0.080371,-0.19255
-0.4542,0.64591,-0.61359,0.87582,0.19755,-0.44036,-0.16322,-0.73741,-0.65543,-0.026453,0.080366,-0.19266
-0.4542,0.64584,-0.61367,0.87582,0.19751,-0.44037,-0.1632,-0.73748,-0.65535,-0.026358,0.08037,-0.19277
-0.45414,0.64587,-0.61369,0.87579,0.1972,-0.44057,-0.16353,-0.73754,-0.6552,-0.026248,0.080368,-0.19292
-0.45416,0.6458,-0.61374,0.87578,0.19715,-0.44061,-0.16355,-0.73761,-0.65512,-0.026138,0.080358,-0.19308
-0.4541,0.64607,-0.6135,0.87575,0.19702,-0.44074,-0.16388,-0.73741,-0.65526,-0.02603,0.080353,-0.1932
-0.45385,0.64577,-0.614,0.8759,0.19667,-0.44059,-0.16377,-0.73777,-0.65489,-0.026016,0.080378,-0.19324
-0.45414,0.6459,-0.61365,0.87574,0.19696,-0.44079,-0.16385,-0.73758,-0.65509,-0.026011,0.080372,-0.19325
-0.45413,0.64577,-0.61379,0.87574,0.19685,-0.44083,-0.16385,-0.73772,-0.65492,-0.025989,0.080372,-0.19327
-0.45412,0.64583,-0.61374,0.87574,0.19685,-0.44084,-0.1639,-0.73767,-0.65497,-0.025959,0.080368,-0.19329
-0.45411,0.64548,-0.61411,0.87575,0.19663,-0.44091,-0.16384,-0.73803,-0.65457,-0.025916,0.080366,-0.19331
-0.45407,0.64563,-0.61399,0.87575,0.1966,-0.44092,-0.16396,-0.73791,-0.65468,-0.025853,0.080367,-0.19334
-0.45385,0.64583,-0.61394,0.87583,0.19642,-0.44083,-0.16411,-0.73778,-0.65479,-0.025782,0.080381,-0.19337
-0.4541,0.64582,-0.61376,0.87567,0.19649,-0.44113,-0.16429,-0.73777,-0.65476,-0.025707,0.080402,-0.19342
-0.45406,0.64595,-0.61366,0.87568,0.19648,-0.44111,-0.16436,-0.73766,-0.65486,-0.025629,0.080419,-0.19349
-0.45402,0.64593,-0.61371,0.87571,0.19649,-0.44104,-0.16429,-0.73768,-0.65486,-0.025544,0.080442,-0.19356
-0.45396,0.64593,-0.61376,0.87572,0.19634,-0.44109,-0.16441,-0.73772,-0.65479,-0.02545,0.080463,-0.19363
-0.45392,0.6459,-0.61381,0.87575,0.19633,-0.44104,-0.16436,-0.73774,-0.65477,-0.025369,0.080485,-0.1937
-0.45388,0.64603,-0.61371,0.87576,0.1963,-0.44104,-0.16445,-0.73763,-0.65487,-0.025286,0.080499,-0.19377
-0.4538,0.64625,-0.61353,0.87576,0.19623,-0.44107,-0.16464,-0.73746,-0.65501,-0.025179,0.080528,-0.19386
-0.45406,0.64634,-0.61325,0.8756,0.19642,-0.44129,-0.16477,-0.73734,-0.65512,-0.025094,0.080547,-0.19393
-0.45398,0.64656,-0.61308,0.87561,0.19632,-0.44133,-0.16499,-0.73717,-0.65526,-0.024979,0.080571,-0.19402
-0.45391,0.64676,-0.61292,0.8756,0.19624,-0.44137,-0.16518,-0.73702,-0.65538,-0.024932,0.080644,-0.19407
-0.45387,0.64664,-0.61307,0.8756,0.19603,-0.44146,-0.16529,-0.73718,-0.65517,-0.024936,0.080659,-0.19407
-0.45386,0.64666,-0.61305,0.87561,0.19603,-0.44146,-0.1653,-0.73716,-0.65519,-0.024918,0.080664,-0.19409
-0.45401,0.64666,-0.61295,0.87553,0.19615,-0.44156,-0.16531,-0.73712,-0.65523,-0.024903,0.080672,-0.19411
-0.45431,0.6466,-0.61279,0.87539,0.19647,-0.44169,-0.1652,-0.7371,-0.65528,-0.024876,0.08069,-0.19415
-0.45428,0.64668,-0.61273,0.8754,0.19645,-0.44168,-0.16526,-0.73703,-0.65535,-0.024829,0.080705,-0.19421
-0.45423,0.64667,-0.61277,0.8754,0.19631,-0.44174,-0.16537,-0.73707,-0.65527,-0.024766,0.080722,-0.19426
-0.45416,0.64679,-0.6127,0.87541,0.19619,-0.44178,-0.16553,-0.737,-0.65531,-0.024681,0.08075,-0.19432
-0.4541,0.64683,-0.6127,0.87541,0.19606,-0.44183,-0.16566,-0.737,-0.65528,-0.024614,0.080774,-0.19437
-0.45432,0.64702,-0.61234,0.87525,0.19618,-0.44209,-0.16591,-0.7368,-0.65544,-0.024514,0.080799,-0.19444
-0.45425,0.64701,-0.6124,0.87526,0.19597,-0.44218,-0.16608,-0.73687,-0.65532,-0.024436,0.080822,-0.1945
-0.45415,0.6471,-0.61238,0.87526,0.19573,-0.44228,-0.16634,-0.73685,-0.65527,-0.024322,0.08085,-0.19457
-0.45407,0.64721,-0.61233,0.87526,0.19556,-0.44235,-0.16654,-0.7368,-0.65527,-0.024241,0.080876,-0.19463
-0.454,0.64731,-0.61227,0.87527,0.19543,-0.44239,-0.16671,-0.73674,-0.6553,-0.024164,0.080903,-0.1947
-0.45388,0.64751,-0.61215,0.87527,0.19522,-0.44248,-0.167,-0.73663,-0.65536,-0.024052,0.080931,-0.19477
-0.45412,0.64763,-0.61184,0.87511,0.19537,-0.44273,-0.16719,-0.73648,-0.65547,-0.023982,0.080957,-0.19484
-0.454,0.64787,-0.61167,0.87511,0.19516,-0.44282,-0.16752,-0.73632,-0.65557,-0.024058,0.081069,-0.19484
-0.454,0.6478,-0.61175,0.87514,0.19525,-0.44272,-0.16735,-0.73637,-0.65556,-0.024101,0.08108,-0.19484
