-0.65937,0.65045,-0.37702,0.71516,0.38797,-0.5814,-0.2319,-0.65299,-0.72099,-0.024017,0.07658,-0.19248
-0.65937,0.65045,-0.37702,0.71516,0.38797,-0.5814,-0.2319,-0.65299,-0.72099,-0.024016,0.076578,-0.19248
-0.65937,0.65044,-0.37702,0.71516,0.38797,-0.5814,-0.23189,-0.65299,-0.72099,-0.024017,0.076574,-0.19247
-0.65937,0.65045,-0.37702,0.71516,0.38797,-0.5814,-0.2319,-0.65299,-0.72099,-0.024021,0.076578,-0.19247
-0.65937,0.65044,-0.37702,0.71516,0.38797,-0.5814,-0.23189,-0.65299,-0.72099,-0.024023,0.076582,-0.19246
-0.65937,0.65044,-0.37702,0.71516,0.38797,-0.5814,-0.23189,-0.65299,-0.72099,-0.024026,0.07658,-0.19246
-0.65937,0.65044,-0.37702,0.71516,0.38797,-0.5814,-0.23189,-0.65299,-0.72099,-0.024029,0.076586,-0.19246
-0.65937,0.65044,-0.37702,0.71516,0.38797,-0.5814,-0.23189,-0.65299,-0.72099,-0.024031,0.076585,-0.19246
-0.65937,0.65044,-0.37702,0.71516,0.38797,-0.5814,-0.23189,-0.65299,-0.72099,-0.02403,0.076586,-0.19245
-0.65937,0.65044,-0.37702,0.71516,0.38797,-0.5814,-0.23189,-0.65299,-0.72099,-0.024034,0.076589,-0.19245
-0.65937,0.65044,-0.37702,0.71516,0.38797,-0.5814,-0.23189,-0.65299,-0.72099,-0.024033,0.076587,-0.19245
-0.65937,0.65044,-0.37702,0.71516,0.38797,-0.5814,-0.23189,-0.65299,-0.72099,-0.024034,0.076587,-0.19245
-0.65937,0.65044,-0.37702,0.71516,0.38797,-0.5814,-0.23189,-0.65299,-0.72099,-0.024039,0.076593,-0.19245
-0.65937,0.65045,-0.37702,0.71516,0.38797,-0.5814,-0.2319,-0.65299,-0.72099,-0.024034,0.076585,-0.19245
-0.65937,0.65045,-0.37702,0.71516,0.38797,-0.5814,-0.2319,-0.65299,-0.72099,-0.024038,0.076591,-0.19245
-0.65961,0.6504,-0.37668,0.71492,0.38826,-0.5815,-0.23196,-0.65287,-0.72108,-0.024038,0.076591,-0.19245
-0.65937,0.65044,-0.37702,0.71516,0.38797,-0.5814,-0.23189,-0.65299,-0.72099,-0.024044,0.076596,-0.19244
-0.65937,0.65045,-0.37702,0.71516,0.38797,-0.5814,-0.2319,-0.65299,-0.72099,-0.02404,0.076594,-0.19245
-0.65937,0.65045,-0.37701,0.71516,0.38797,-0.5814,-0.2319,-0.65298,-0.721,-0.02404,0.076591,-0.19245
-0.65937,0.65044,-0.37702,0.71516,0.38797,-0.5814,-0.23189,-0.65299,-0.72099,-0.024044,0.076595,-0.19244
-0.65937,0.65045,-0.37702,0.71516,0.38797,-0.5814,-0.2319,-0.65299,-0.72099,-0.024045,0.076594,-0.19244
-0.65937,0.65044,-0.37702,0.71516,0.38797,-0.5814,-0.23189,-0.65299,-0.72099,-0.024053,0.076599,-0.19244
-0.65937,0.65044,-0.37702,0.71516,0.38797,-0.5814,-0.23189,-0.65299,-0.72099,-0.024057,0.076603,-0.19245
-0.65937,0.65044,-0.37702,0.71516,0.38797,-0.5814,-0.23189,-0.65299,-0.72099,-0.024059,0.076608,-0.19244
-0.65937,0.65044,-0.37702,0.71516,0.38797,-0.5814,-0.23189,-0.65299,-0.72099,-0.024063,0.076611,-0.19244
-0.65937,0.65044,-0.37702,0.71516,0.38797,-0.5814,-0.23189,-0.65299,-0.72099,-0.02407,0.076616,-0.19244
-0.65937,0.65045,-0.37701,0.71516,0.38797,-0.5814,-0.2319,-0.65298,-0.721,-0.024066,0.076614,-0.19244
-0.65937,0.65044,-0.37702,0.71516,0.38797,-0.5814,-0.23189,-0.65299,-0.72099,-0.024072,0.07662,-0.19244
-0.65961,0.6504,-0.37668,0.71492,0.38826,-0.5815,-0.23196,-0.65287,-0.72108,-0.024077,0.076625,-0.19245
-0.65937,0.65044,-0.37702,0.71516,0.38797,-0.5814,-0.23189,-0.65299,-0.72099,-0.024082,0.076626,-0.19244
-0.65937,0.65044,-0.37702,0.71516,0.38797,-0.5814,-0.23189,-0.65299,-0.72099,-0.024083,0.076629,-0.19244
-0.65937,0.65044,-0.37702,0.71516,0.38797,-0.5814,-0.23189,-0.65299,-0.72099,-0.024086,0.07663,-0.19244
-0.65937,0.65044,-0.37702,0.71516,0.38797,-0.5814,-0.23189,-0.65299,-0.72099,-0.024092,0.076635,-0.19244
-0.65937,0.65044,-0.37702,0.71516,0.38797,-0.5814,-0.23189,-0.65299,-0.72099,-0.02409,0.076633,-0.19244
-0.65937,0.65044,-0.37702,0.71516,0.38797,-0.5814,-0.23189,-0.65299,-0.72099,-0.024096,0.076634,-0.19245
-0.65937,0.65044,-0.37702,0.71516,0.38797,-0.5814,-0.23189,-0.65299,-0.72099,-0.0241,0.076633,-0.19244
-0.65937,0.65044,-0.37702,0.71516,0.38797,-0.5814,-0.23189,-0.65299,-0.72099,-0.024104,0.076635,-0.19244
-0.65937,0.65044,-0.37702,0.71516,0.38797,-0.5814,-0.23189,-0.65299,-0.72099,-0.024112,0.076641,-0.19244
-0.65937,0.65044,-0.37702,0.71516,0.38797,-0.5814,-0.23189,-0.65299,-0.72099,-0.024115,0.076645,-0.19244
-0.65937,0.65045,-0.37702,0.71516,0.38797,-0.5814,-0.2319,-0.65299,-0.72099,-0.024117,0.076645,-0.19245
-0.65937,0.65045,-0.37702,0.71516,0.38797,-0.5814,-0.2319,-0.65299,-0.72099,-0.024124,0.076651,-0.19245
-0.65937,0.65044,-0.37702,0.71516,0.38797,-0.5814,-0.23189,-0.65299,-0.72099,-0.024127,0.076653,-0.19245
-0.65937,0.65045,-0.37702,0.71516,0.38797,-0.5814,-0.2319,-0.65299,-0.72099,-0.024132,0.076658,-0.19246
-0.65937,0.65044,-0.37702,0.71516,0.38797,-0.5814,-0.23189,-0.65299,-0.72099,-0.024138,0.076661,-0.19246
-0.65937,0.65044,-0.37702,0.71516,0.38797,-0.5814,-0.23189,-0.65299,-0.72099,-0.024141,0.076662,-0.19246
-0.65937,0.65044,-0.37702,0.71516,0.38797,-0.5814,-0.23189,-0.65299,-0.72099,-0.024142,0.07666,-0.19246
-0.65937,0.65044,-0.37702,0.71516,0.38797,-0.5814,-0.23189,-0.65299,-0.72099,-0.024147,0.076667,-0.19246
-0.65937,0.65044,-0.37702,0.71516,0.38797,-0.5814,-0.23189,-0.65299,-0.72099,-0.024154,0.076677,-0.19246
-0.65937,0.65044,-0.37702,0.71516,0.38797,-0.5814,-0.23189,-0.65299,-0.72099,-0.024157,0.076677,-0.19247
-0.65937,0.65044,-0.37702,0.71516,0.38797,-0.5814,-0.23189,-0.65299,-0.72099,-0.024159,0.07668,-0.19247
-0.65937,0.65044,-0.37702,0.71516,0.38797,-0.5814,-0.23189,-0.65299,-0.72099,-0.024168,0.076683,-0.19248
-0.65937,0.65044,-0.37702,0.71516,0.38797,-0.5814,-0.23189,-0.65299,-0.72099,-0.024171,0.076684,-0.19248
-0.65949,0.65034,-0.377,0.71504,0.38799,-0.58153,-0.23192,-0.65309,-0.7209,-0.024202,0.076698,-0.19248
-0.65951,0.65017,-0.37727,0.71506,0.38785,-0.5816,-0.23182,-0.65334,-0.7207,-0.024271,0.076713,-0.19248
-0.65954,0.65013,-0.37726,0.71495,0.38766,-0.58186,-0.23204,-0.65349,-0.72049,-0.024342,0.076739,-0.19248
-0.65967,0.64996,-0.37734,0.71486,0.38767,-0.58197,-0.23197,-0.65365,-0.72037,-0.024411,0.076774,-0.1925
-0.65977,0.64973,-0.37755,0.7148,0.38761,-0.58207,-0.23185,-0.65391,-0.72017,-0.024521,0.076828,-0.19251
-0.65976,0.64981,-0.37744,0.71473,0.38749,-0.58224,-0.2321,-0.65391,-0.72009,-0.024555,0.076877,-0.19253
-0.65979,0.64975,-0.3775,0.71467,0.38732,-0.58243,-0.23222,-0.65407,-0.7199,-0.024597,0.076935,-0.19256
-0.65983,0.6497,-0.37751,0.7146,0.38724,-0.58257,-0.2323,-0.65417,-0.71979,-0.024643,0.076993,-0.1926
-0.65993,0.64974,-0.37726,0.71441,0.38721,-0.58282,-0.2326,-0.65415,-0.71971,-0.024679,0.077044,-0.19265
-0.65983,0.6498,-0.37734,0.71445,0.38696,-0.58294,-0.23277,-0.65424,-0.71958,-0.024711,0.077095,-0.19268
-0.65973,0.64988,-0.37737,0.7145,0.38678,-0.58301,-0.23293,-0.65426,-0.71951,-0.024738,0.077151,-0.19273
-0.65985,0.65003,-0.37692,0.7143,0.38696,-0.58313,-0.2332,-0.65401,-0.71965,-0.024763,0.077203,-0.19277
-0.65977,0.65007,-0.37698,0.71434,0.38681,-0.58318,-0.23329,-0.65406,-0.71957,-0.02479,0.077263,-0.19282
-0.6597,0.65006,-0.37713,0.71439,0.38662,-0.58325,-0.23334,-0.65418,-0.71944,-0.024818,0.077314,-0.19286
-0.65963,0.65011,-0.37716,0.71443,0.38651,-0.58327,-0.23341,-0.65419,-0.71941,-0.024815,0.077347,-0.19292
-0.65959,0.65013,-0.3772,0.71445,0.38641,-0.58332,-0.23348,-0.65424,-0.71935,-0.024838,0.077397,-0.19298
-0.6595,0.6502,-0.37722,0.71446,0.38621,-0.58342,-0.23366,-0.65428,-0.71926,-0.024861,0.077445,-0.19303
-0.65953,0.65024,-0.37711,0.71438,0.38615,-0.58357,-0.23384,-0.65428,-0.71919,-0.024871,0.077494,-0.19308
-0.65949,0.65022,-0.3772,0.71442,0.38608,-0.58356,-0.23381,-0.65434,-0.71915,-0.024873,0.077542,-0.19313
-0.65956,0.65023,-0.37706,0.71433,0.38612,-0.58365,-0.23392,-0.6543,-0.71915,-0.024884,0.077594,-0.1932
-0.65947,0.6503,-0.37711,0.71435,0.3859,-0.58377,-0.2341,-0.65436,-0.71903,-0.024886,0.077644,-0.19326
-0.65965,0.65038,-0.37665,0.71415,0.38625,-0.58378,-0.2342,-0.65407,-0.71926,-0.024899,0.077701,-0.19331
-0.65955,0.65049,-0.37664,0.71419,0.3861,-0.58383,-0.23435,-0.65406,-0.71923,-0.024911,0.077761,-0.19335
-0.65949,0.65053,-0.37668,0.71425,0.38605,-0.58379,-0.23435,-0.65405,-0.71924,-0.024903,0.077821,-0.19341
-0.65939,0.65063,-0.37668,0.71429,0.3859,-0.58385,-0.23451,-0.65404,-0.71919,-0.024912,0.077878,-0.19346
-0.65945,0.65065,-0.37654,0.71423,0.386,-0.58385,-0.23454,-0.65395,-0.71926,-0.02493,0.077952,-0.19351
-0.65938,0.6507,-0.37657,0.71429,0.38598,-0.58378,-0.23452,-0.65392,-0.7193,-0.024942,0.078031,-0.19354
-0.65935,0.65078,-0.37649,0.71425,0.38584,-0.58394,-0.23475,-0.65392,-0.71922,-0.02494,0.07811,-0.19359
-0.65952,0.65077,-0.3762,0.71408,0.38611,-0.58396,-0.23477,-0.65377,-0.71936,-0.024936,0.078184,-0.19363
-0.65941,0.65085,-0.37626,0.71416,0.38597,-0.58396,-0.23484,-0.65378,-0.71932,-0.024943,0.078258,-0.19367
-0.65919,0.65094,-0.37649,0.71435,0.38567,-0.58392,-0.23489,-0.65386,-0.71923,-0.024958,0.078335,-0.19372
-0.65935,0.65088,-0.37631,0.71421,0.38589,-0.58395,-0.23487,-0.65379,-0.7193,-0.024979,0.078427,-0.19376
-0.65951,0.6509,-0.37599,0.71393,0.38586,-0.5843,-0.23525,-0.65378,-0.71918,-0.024988,0.078508,-0.1938
-0.6595,0.65085,-0.3761,0.71402,0.38596,-0.58413,-0.23503,-0.65378,-0.71926,-0.025,0.078583,-0.19384
-0.6594,0.65089,-0.37621,0.7141,0.38582,-0.58413,-0.23505,-0.65383,-0.71921,-0.025002,0.078657,-0.19389
-0.6593,0.65095,-0.37628,0.71418,0.38567,-0.58413,-0.23512,-0.65385,-0.71917,-0.025017,0.078739,-0.19394
-0.65922,0.65111,-0.37613,0.71414,0.3855,-0.58429,-0.23544,-0.65379,-0.71912,-0.025028,0.07883,-0.19397
-0.65927,0.65105,-0.37614,0.71412,0.38558,-0.58426,-0.23535,-0.6538,-0.71913,-0.025035,0.078921,-0.19402
-0.65932,0.65116,-0.37588,0.71409,0.38588,-0.58409,-0.23529,-0.65352,-0.71941,-0.025041,0.079012,-0.19406
-0.65928,0.65125,-0.3758,0.71408,0.38579,-0.58417,-0.23546,-0.65348,-0.71939,-0.025038,0.07911,-0.19408
-0.65928,0.6513,-0.37571,0.71407,0.38585,-0.58414,-0.23548,-0.65339,-0.71946,-0.025032,0.079203,-0.19411
-0.65935,0.65131,-0.37557,0.71393,0.38579,-0.58435,-0.2357,-0.65342,-0.71937,-0.025039,0.079296,-0.19415
-0.65927,0.6513,-0.37571,0.71404,0.38574,-0.58426,-0.2356,-0.65346,-0.71936,-0.025044,0.079393,-0.19419
-0.65927,0.65137,-0.37561,0.71402,0.38578,-0.58424,-0.23565,-0.65337,-0.71943,-0.025047,0.079485,-0.19422
-0.65938,0.65139,-0.37538,0.71389,0.38592,-0.58432,-0.23575,-0.65327,-0.71948,-0.025056,0.07958,-0.19426
-0.65926,0.6515,-0.3754,0.71399,0.38585,-0.58424,-0.23578,-0.6532,-0.71954,-0.025048,0.079667,-0.19429
-0.65914,0.65158,-0.37547,0.71395,0.38535,-0.58463,-0.23624,-0.65342,-0.71919,-0.025052,0.079757,-0.19433
-0.65933,0.65151,-0.37525,0.71383,0.38574,-0.58451,-0.23606,-0.65325,-0.7194,-0.025045,0.079863,-0.19435
-0.65921,0.65154,-0.37543,0.71394,0.38556,-0.58449,-0.23606,-0.65333,-0.71933,-0.025049,0.079967,-0.19439
-0.65928,0.65139,-0.37555,0.71397,0.38571,-0.58436,-0.23579,-0.65339,-0.71936,-0.025048,0.080087,-0.19441
-0.65933,0.65145,-0.37536,0.71389,0.38579,-0.58441,-0.23591,-0.65328,-0.71943,-0.025045,0.080206,-0.19444
-0.65949,0.65156,-0.37488,0.71368,0.3861,-0.58446,-0.23607,-0.65299,-0.71964,-0.025043,0.080339,-0.19448
-0.65916,0.65165,-0.37532,0.71394,0.3855,-0.58454,-0.23623,-0.65325,-0.71934,-0.025035,0.080447,-0.19451
-0.65945,0.65152,-0.37502,0.71371,0.38595,-0.58451,-0.23608,-0.65312,-0.71951,-0.025037,0.080569,-0.19455
-0.65918,0.65172,-0.37514,0.71385,0.3855,-0.58464,-0.23641,-0.65318,-0.71935,-0.025039,0.080707,-0.19459
-0.65924,0.65175,-0.375,0.71374,0.38549,-0.58478,-0.23657,-0.65317,-0.71931,-0.025029,0.080825,-0.19464
-0.65924,0.65186,-0.37481,0.71368,0.38545,-0.58489,-0.23679,-0.65307,-0.71932,-0.025004,0.080953,-0.19467
-0.65896,0.65194,-0.37515,0.7138,0.38474,-0.5852,-0.23718,-0.65341,-0.71889,-0.025011,0.081081,-0.19472
-0.65921,0.65188,-0.37484,0.71361,0.38515,-0.58517,-0.23709,-0.65324,-0.71908,-0.025013,0.081222,-0.19476
-0.65897,0.65199,-0.37506,0.71377,0.38477,-0.58523,-0.23725,-0.65335,-0.71892,-0.025003,0.081346,-0.19481
-0.65909,0.65213,-0.37461,0.71355,0.38486,-0.58543,-0.23761,-0.65315,-0.71898,-0.024985,0.081479,-0.19488
-0.65879,0.65235,-0.37474,0.71371,0.38439,-0.58555,-0.23794,-0.65321,-0.71882,-0.024967,0.081629,-0.19492
-0.65882,0.65239,-0.37462,0.71364,0.38439,-0.58564,-0.23806,-0.65317,-0.71881,-0.024954,0.081767,-0.19497
-0.65877,0.65245,-0.37462,0.71354,0.38398,-0.58602,-0.23851,-0.65336,-0.7185,-0.02494,0.081899,-0.19503
-0.65866,0.65253,-0.37466,0.71368,0.38402,-0.58582,-0.23839,-0.65325,-0.71864,-0.024922,0.082002,-0.19511
-0.65858,0.65259,-0.37469,0.71364,0.38369,-0.58608,-0.2387,-0.65338,-0.71841,-0.0249,0.082087,-0.19521
-0.65852,0.6527,-0.37461,0.71358,0.38341,-0.58634,-0.23908,-0.65343,-0.71824,-0.024898,0.082173,-0.19527
-0.65876,0.65262,-0.37433,0.71333,0.38363,-0.58651,-0.23916,-0.65339,-0.71825,-0.024879,0.082266,-0.19534
-0.65853,0.65282,-0.3744,0.71341,0.38317,-0.58671,-0.23956,-0.65346,-0.71805,-0.02485,0.082355,-0.1954
-0.65838,0.65294,-0.37445,0.71348,0.38291,-0.58679,-0.23976,-0.65349,-0.71796,-0.024816,0.082436,-0.19551
-0.65852,0.65295,-0.37416,0.71332,0.38313,-0.58684,-0.23983,-0.65335,-0.71807,-0.02478,0.082514,-0.19561
-0.65841,0.65301,-0.37425,0.71337,0.38287,-0.58696,-0.24,-0.65344,-0.71793,-0.024743,0.082577,-0.19573
-0.65832,0.65313,-0.37421,0.71339,0.38272,-0.58702,-0.24018,-0.65341,-0.71789,-0.024695,0.082651,-0.19585
-0.65821,0.65329,-0.37413,0.71341,0.38257,-0.58709,-0.24041,-0.65334,-0.71788,-0.024643,0.082718,-0.19593
-0.65812,0.65326,-0.37433,0.71345,0.38226,-0.58725,-0.24054,-0.65355,-0.71765,-0.024614,0.082778,-0.19603
-0.658,0.65312,-0.3748,0.71348,0.38159,-0.58765,-0.24078,-0.65409,-0.71708,-0.024572,0.082829,-0.19613
-0.65816,0.65327,-0.37426,0.71327,0.38191,-0.5877,-0.241,-0.65374,-0.71731,-0.024525,0.082879,-0.19624
-0.65807,0.65352,-0.37397,0.71328,0.38197,-0.58765,-0.24119,-0.65346,-0.71751,-0.024473,0.082931,-0.19634
-0.65799,0.65356,-0.37405,0.71329,0.3817,-0.58781,-0.24139,-0.65358,-0.71733,-0.024423,0.082975,-0.19644
-0.65796,0.65348,-0.37424,0.7133,0.38148,-0.58794,-0.24144,-0.65379,-0.71712,-0.024378,0.083017,-0.19654
-0.65787,0.65364,-0.3741,0.71331,0.38139,-0.58799,-0.24165,-0.65367,-0.71716,-0.024318,0.083041,-0.19665
-0.65783,0.65365,-0.37416,0.71331,0.38124,-0.58809,-0.24176,-0.65375,-0.71705,-0.024269,0.083075,-0.19677
-0.65756,0.65383,-0.37432,0.71355,0.38101,-0.58795,-0.2418,-0.65371,-0.71708,-0.024238,0.083116,-0.19685
-0.65756,0.65386,-0.37427,0.71355,0.38105,-0.58792,-0.2418,-0.65365,-0.71713,-0.024204,0.083144,-0.19695
-0.65754,0.65401,-0.37406,0.71354,0.38119,-0.58784,-0.24186,-0.65343,-0.71731,-0.024149,0.083168,-0.19706
-0.65749,0.65422,-0.37377,0.71354,0.38133,-0.58774,-0.24198,-0.65314,-0.71753,-0.024081,0.083202,-0.19718
-0.65762,0.65426,-0.37347,0.71342,0.38159,-0.58773,-0.24202,-0.65294,-0.7177,-0.023994,0.083238,-0.1973
-0.65751,0.65438,-0.37345,0.71353,0.38161,-0.58758,-0.24199,-0.65281,-0.71783,-0.023925,0.083271,-0.19742
-0.65734,0.65471,-0.37317,0.71363,0.38167,-0.58742,-0.24216,-0.65244,-0.71811,-0.023817,0.083311,-0.19755
-0.65718,0.65495,-0.37304,0.71373,0.38164,-0.58731,-0.24229,-0.65222,-0.71827,-0.023735,0.083354,-0.19767
-0.65699,0.65517,-0.37298,0.71382,0.38145,-0.58733,-0.24252,-0.65211,-0.71828,-0.023634,0.083393,-0.19779
-0.65674,0.6553,-0.3732,0.71404,0.38118,-0.58723,-0.24256,-0.65214,-0.71825,-0.023583,0.083419,-0.19788
-0.65675,0.65529,-0.37318,0.71403,0.38119,-0.58724,-0.24256,-0.65214,-0.71825,-0.02351,0.083452,-0.19799
-0.65671,0.65553,-0.37284,0.71401,0.38135,-0.58716,-0.24272,-0.65181,-0.7185,-0.023394,0.083496,-0.19811
-0.65654,0.65558,-0.37305,0.71412,0.38098,-0.58727,-0.24288,-0.65197,-0.71829,-0.023267,0.083543,-0.19823
-0.65655,0.65569,-0.37284,0.71412,0.38121,-0.58712,-0.24283,-0.65173,-0.71853,-0.023138,0.083593,-0.19836
-0.65637,0.65605,-0.37252,0.71411,0.381,-0.58726,-0.24334,-0.65149,-0.71858,-0.023004,0.083638,-0.1985
-0.65623,0.65631,-0.37232,0.71411,0.3808,-0.58741,-0.24374,-0.65135,-0.71856,-0.022866,0.083677,-0.19861
-0.65616,0.65645,-0.37221,0.71411,0.3807,-0.58746,-0.24394,-0.65126,-0.71857,-0.022749,0.08373,-0.19874
-0.65606,0.65673,-0.37188,0.71411,0.38074,-0.58744,-0.2442,-0.65096,-0.71876,-0.02262,0.083785,-0.19887
-0.65593,0.65704,-0.37156,0.71411,0.38069,-0.58747,-0.24455,-0.65067,-0.7189,-0.0225,0.083854,-0.19899
-0.65587,0.65718,-0.37141,0.71412,0.38069,-0.58746,-0.24468,-0.65053,-0.71898,-0.022482,0.083911,-0.19905
-0.65587,0.65707,-0.37162,0.71413,0.38051,-0.58757,-0.24467,-0.65075,-0.7188,-0.022471,0.083927,-0.19909
-0.65573,0.6571,-0.3718,0.71425,0.38033,-0.58753,-0.24466,-0.65082,-0.71873,-0.022455,0.083947,-0.19914
-0.65594,0.65701,-0.37159,0.71402,0.38043,-0.58775,-0.24479,-0.65085,-0.71866,-0.022428,0.083979,-0.19921
-0.65588,0.6571,-0.37154,0.71402,0.38034,-0.5878,-0.24493,-0.65082,-0.71864,-0.022378,0.083994,-0.19926
-0.65572,0.65729,-0.37149,0.71402,0.37997,-0.58804,-0.24536,-0.65084,-0.71847,-0.022316,0.084026,-0.19933
-0.65587,0.65734,-0.37113,0.7138,0.38008,-0.58825,-0.24562,-0.65073,-0.71849,-0.022256,0.084063,-0.1994
-0.65577,0.65747,-0.37107,0.71381,0.37991,-0.58834,-0.24584,-0.65069,-0.71844,-0.022188,0.084095,-0.19949
-0.65569,0.65756,-0.37106,0.71381,0.37972,-0.58846,-0.24605,-0.65071,-0.71835,-0.022128,0.084126,-0.19957
-0.65591,0.65753,-0.37071,0.71359,0.38001,-0.58854,-0.24611,-0.65057,-0.71846,-0.022061,0.084174,-0.19965
-0.65582,0.65758,-0.37078,0.7136,0.37974,-0.58871,-0.24632,-0.65068,-0.71829,-0.021995,0.084212,-0.19973
-0.6557,0.65773,-0.37074,0.7136,0.37947,-0.58887,-0.24664,-0.65068,-0.71818,-0.021906,0.084242,-0.19982
-0.65562,0.65791,-0.37057,0.71361,0.37943,-0.58889,-0.24682,-0.65053,-0.71825,-0.021846,0.084267,-0.19991
-0.65548,0.65821,-0.37028,0.71361,0.37934,-0.58895,-0.24719,-0.65028,-0.71835,-0.021848,0.084331,-0.19994
-0.6557,0.65812,-0.37004,0.71339,0.37955,-0.58908,-0.24724,-0.65024,-0.71837,-0.021863,0.084354,-0.19997
-0.6557,0.65812,-0.37005,0.71341,0.37958,-0.58904,-0.24719,-0.65023,-0.7184,-0.021859,0.084372,-0.20001
-0.6557,0.65805,-0.37017,0.71342,0.3795,-0.58908,-0.24717,-0.65034,-0.7183,-0.021854,0.084389,-0.20005
-0.65561,0.65811,-0.37023,0.71343,0.37924,-0.58923,-0.24738,-0.65044,-0.71815,-0.021845,0.084403,-0.2001
-0.65549,0.65814,-0.37039,0.71355,0.37911,-0.58917,-0.24734,-0.65049,-0.71812,-0.021833,0.084405,-0.20016
-0.6556,0.65806,-0.37033,0.71343,0.37915,-0.58928,-0.24737,-0.65054,-0.71806,-0.021822,0.084424,-0.20022
-0.65559,0.65809,-0.37029,0.71343,0.37915,-0.58928,-0.24741,-0.65051,-0.71807,-0.021804,0.084438,-0.20029
-0.65555,0.65813,-0.37028,0.71343,0.37905,-0.58935,-0.24752,-0.65052,-0.71802,-0.021765,0.084454,-0.20036
-0.65567,0.65822,-0.36992,0.71331,0.37938,-0.58928,-0.24754,-0.65025,-0.71826,-0.021701,0.084464,-0.20045
-0.65554,0.65845,-0.36974,0.71343,0.37952,-0.58905,-0.24753,-0.64993,-0.71855,-0.021632,0.0845,-0.20053
-0.65547,0.65858,-0.36963,0.71342,0.37941,-0.58913,-0.24775,-0.64986,-0.71854,-0.021579,0.084525,-0.20062
-0.65536,0.65871,-0.3696,0.71353,0.37943,-0.58898,-0.24773,-0.64972,-0.71868,-0.021521,0.08456,-0.20071
-0.6552,0.65893,-0.36948,0.71365,0.37943,-0.58885,-0.24782,-0.6495,-0.71885,-0.02146,0.084585,-0.2008
-0.65514,0.65897,-0.36953,0.71375,0.37949,-0.58868,-0.24769,-0.64942,-0.71896,-0.021397,0.084608,-0.2009
-0.65503,0.65901,-0.36965,0.71386,0.37937,-0.58863,-0.24768,-0.64945,-0.71894,-0.021332,0.084616,-0.20097
-0.65501,0.65896,-0.36978,0.71396,0.37947,-0.58844,-0.24744,-0.64944,-0.71902,-0.021265,0.084631,-0.20107
-0.65498,0.65913,-0.36953,0.71405,0.37984,-0.5881,-0.24727,-0.64905,-0.71943,-0.021191,0.084646,-0.20116
-0.65461,0.65941,-0.36967,0.71425,0.3793,-0.5882,-0.24765,-0.64908,-0.71928,-0.021123,0.084651,-0.20124
-0.65465,0.65947,-0.36949,0.71421,0.37947,-0.58814,-0.24765,-0.64892,-0.71942,-0.021052,0.08467,-0.20133
-0.65455,0.65977,-0.36915,0.71418,0.37941,-0.58821,-0.24803,-0.64865,-0.71954,-0.02116,0.084708,-0.20135
-0.65458,0.65964,-0.36931,0.71418,0.37936,-0.58825,-0.24793,-0.64881,-0.71942,-0.021178,0.084715,-0.20137
-0.65465,0.65955,-0.36935,0.71417,0.3795,-0.58816,-0.24776,-0.64882,-0.71948,-0.021207,0.084708,-0.2014
-0.65473,0.65934,-0.3696,0.71416,0.37943,-0.58822,-0.2476,-0.64908,-0.7193,-0.021238,0.084682,-0.20144
-0.65478,0.65931,-0.36956,0.71412,0.3795,-0.58824,-0.24758,-0.64907,-0.71931,-0.021249,0.084656,-0.20149
-0.65477,0.6592,-0.36978,0.71414,0.37934,-0.58831,-0.24754,-0.64928,-0.71914,-0.021263,0.084595,-0.20156
