0.14657,-0.89186,-0.42791,-0.28798,0.37538,-0.881,0.94635,0.25236,-0.20182,0.13992,-0.10184,-0.10856
0.13854,-0.89314,-0.42791,-0.28459,0.37795,-0.881,0.94859,0.24383,-0.20182,0.1399,-0.1018,-0.1087
0.13049,-0.89435,-0.42791,-0.28118,0.3805,-0.881,0.95074,0.23529,-0.20182,0.13988,-0.10176,-0.10885
0.12244,-0.89549,-0.42791,-0.27775,0.38301,-0.881,0.95282,0.22672,-0.20182,0.13986,-0.10171,-0.10899
0.11437,-0.89655,-0.42791,-0.27429,0.3855,-0.881,0.95482,0.21813,-0.20182,0.13984,-0.10167,-0.10914
0.1063,-0.89755,-0.42791,-0.27081,0.38795,-0.881,0.95675,0.20953,-0.20182,0.13983,-0.10163,-0.10929
0.098218,-0.89847,-0.42791,-0.2673,0.39037,-0.881,0.95859,0.20091,-0.20182,0.13981,-0.10159,-0.10943
0.090128,-0.89931,-0.42791,-0.26378,0.39276,-0.881,0.96036,0.19228,-0.20182,0.1398,-0.10155,-0.10958
0.082031,-0.90009,-0.42791,-0.26023,0.39512,-0.881,0.96205,0.18363,-0.20182,0.13978,-0.10151,-0.10973
0.073927,-0.90079,-0.42791,-0.25667,0.39745,-0.881,0.96367,0.17496,-0.20182,0.13977,-0.10147,-0.10987
0.065817,-0.90142,-0.42791,-0.25308,0.39974,-0.881,0.9652,0.16628,-0.20182,0.13976,-0.10143,-0.11002
0.057702,-0.90198,-0.42791,-0.24947,0.402,-0.881,0.96666,0.15759,-0.20182,0.13975,-0.10139,-0.11017
0.049582,-0.90246,-0.42791,-0.24584,0.40423,-0.881,0.96804,0.14888,-0.20182,0.13974,-0.10135,-0.11032
0.041458,-0.90287,-0.42791,-0.2422,0.40643,-0.881,0.96934,0.14016,-0.20182,0.13973,-0.10132,-0.11047
0.03333,-0.9032,-0.42791,-0.23853,0.40859,-0.881,0.97056,0.13143,-0.20182,0.13973,-0.10128,-0.11061
0.0252,-0.90347,-0.42791,-0.23484,0.41072,-0.881,0.97171,0.12269,-0.20182,0.13972,-0.10124,-0.11076
0.017068,-0.90366,-0.42791,-0.23114,0.41282,-0.881,0.97277,0.11394,-0.20182,0.13972,-0.10121,-0.11091
0.0089344,-0.90378,-0.42791,-0.22741,0.41488,-0.881,0.97376,0.10518,-0.20182,0.13972,-0.10117,-0.11106
0.00080019,-0.90382,-0.42791,-0.22367,0.41691,-0.881,0.97466,0.096416,-0.20182,0.13972,-0.10114,-0.11121
-0.0073341,-0.90379,-0.42791,-0.21991,0.41891,-0.881,0.97549,0.08764,-0.20182,0.13972,-0.1011,-0.11136
-0.015468,-0.90369,-0.42791,-0.21613,0.42087,-0.881,0.97624,0.078857,-0.20182,0.13972,-0.10107,-0.11151
-0.0236,-0.90351,-0.42791,-0.21233,0.4228,-0.881,0.97691,0.070068,-0.20182,0.13972,-0.10104,-0.11166
-0.031731,-0.90326,-0.42791,-0.20852,0.42469,-0.881,0.9775,0.061273,-0.20182,0.13973,-0.10101,-0.11181
-0.039859,-0.90294,-0.42791,-0.20469,0.42655,-0.881,0.97802,0.052473,-0.20182,0.13973,-0.10097,-0.11196
-0.047983,-0.90254,-0.42791,-0.20084,0.42838,-0.881,0.97845,0.043669,-0.20182,0.13974,-0.10094,-0.11211
-0.056104,-0.90208,-0.42791,-0.19698,0.43017,-0.881,0.9788,0.034861,-0.20182,0.13975,-0.10091,-0.11226
-0.064221,-0.90153,-0.42791,-0.1931,0.43192,-0.881,0.97908,0.026051,-0.20182,0.13976,-0.10088,-0.1124
-0.072332,-0.90092,-0.42791,-0.1892,0.43364,-0.881,0.97927,0.017238,-0.20182,0.13977,-0.10085,-0.11255
-0.080437,-0.90023,-0.42791,-0.18529,0.43533,-0.881,0.97939,0.0084244,-0.20182,0.13978,-0.10082,-0.1127
-0.088536,-0.89947,-0.42791,-0.18137,0.43698,-0.881,0.97942,-0.00039033,-0.20182,0.13979,-0.1008,-0.11285
-0.096627,-0.89864,-0.42791,-0.17743,0.43859,-0.881,0.97938,-0.009205,-0.20182,0.13981,-0.10077,-0.113
-0.10471,-0.89773,-0.42791,-0.17347,0.44017,-0.881,0.97926,-0.018019,-0.20182,0.13982,-0.10074,-0.11315
-0.11279,-0.89675,-0.42791,-0.1695,0.44171,-0.881,0.97905,-0.026831,-0.20182,0.13984,-0.10072,-0.1133
-0.12085,-0.8957,-0.42791,-0.16552,0.44322,-0.881,0.97877,-0.035642,-0.20182,0.13986,-0.10069,-0.11345
-0.12891,-0.89458,-0.42791,-0.16153,0.44469,-0.881,0.97841,-0.044449,-0.20182,0.13988,-0.10067,-0.1136
-0.13695,-0.89338,-0.42791,-0.15752,0.44613,-0.881,0.97797,-0.053253,-0.20182,0.1399,-0.10064,-0.11375
-0.14499,-0.89211,-0.42791,-0.1535,0.44753,-0.881,0.97745,-0.062052,-0.20182,0.13992,-0.10062,-0.1139
-0.15301,-0.89077,-0.42791,-0.14946,0.44889,-0.881,0.97686,-0.070847,-0.20182,0.13994,-0.10059,-0.11405
-0.16102,-0.88936,-0.42791,-0.14542,0.45022,-0.881,0.97618,-0.079636,-0.20182,0.13996,-0.10057,-0.1142
-0.16902,-0.88787,-0.42791,-0.14136,0.45151,-0.881,0.97542,-0.088418,-0.20182,0.13999,-0.10055,-0.11435
-0.177,-0.88632,-0.42791,-0.13729,0.45276,-0.881,0.97459,-0.097193,-0.20182,0.14002,-0.10053,-0.1145
-0.18497,-0.88469,-0.42791,-0.13321,0.45398,-0.881,0.97367,-0.10596,-0.20182,0.14004,-0.10051,-0.11465
-0.19293,-0.88299,-0.42791,-0.12912,0.45516,-0.881,0.97268,-0.11472,-0.20182,0.14007,-0.10049,-0.1148
-0.20087,-0.88122,-0.42791,-0.12502,0.45631,-0.881,0.97161,-0.12347,-0.20182,0.1401,-0.10047,-0.11495
-0.20879,-0.87937,-0.42791,-0.1209,0.45741,-0.881,0.97046,-0.13221,-0.20182,0.14013,-0.10045,-0.1151
-0.2167,-0.87746,-0.42791,-0.11678,0.45848,-0.881,0.96923,-0.14094,-0.20182,0.14017,-0.10043,-0.11524
-0.22458,-0.87547,-0.42791,-0.11265,0.45951,-0.881,0.96792,-0.14965,-0.20182,0.1402,-0.10041,-0.11539
-0.23245,-0.87342,-0.42791,-0.10851,0.46051,-0.881,0.96654,-0.15836,-0.20182,0.14024,-0.1004,-0.11554
-0.24031,-0.87129,-0.42791,-0.10436,0.46147,-0.881,0.96507,-0.16705,-0.20182,0.14027,-0.10038,-0.11569
-0.24814,-0.86909,-0.42791,-0.1002,0.46239,-0.881,0.96353,-0.17573,-0.20182,0.14031,-0.10036,-0.11584
-0.25595,-0.86682,-0.42791,-0.096039,0.46327,-0.881,0.96191,-0.18439,-0.20182,0.14035,-0.10035,-0.11598
-0.26374,-0.86448,-0.42791,-0.091866,0.46412,-0.881,0.96021,-0.19304,-0.20182,0.14039,-0.10034,-0.11613
-0.27151,-0.86207,-0.42791,-0.087685,0.46492,-0.881,0.95843,-0.20168,-0.20182,0.14043,-0.10032,-0.11628
-0.27926,-0.8596,-0.42791,-0.083497,0.46569,-0.881,0.95658,-0.2103,-0.20182,0.14047,-0.10031,-0.11642
-0.28698,-0.85705,-0.42791,-0.079303,0.46643,-0.881,0.95465,-0.2189,-0.20182,0.14051,-0.1003,-0.11657
-0.29468,-0.85443,-0.42791,-0.075102,0.46712,-0.881,0.95264,-0.22748,-0.20182,0.14056,-0.10028,-0.11671
-0.30236,-0.85174,-0.42791,-0.070895,0.46778,-0.881,0.95055,-0.23604,-0.20182,0.1406,-0.10027,-0.11686
-0.31001,-0.84899,-0.42791,-0.066682,0.4684,-0.881,0.94839,-0.24459,-0.20182,0.14065,-0.10026,-0.11701
-0.31764,-0.84616,-0.42791,-0.062463,0.46898,-0.881,0.94615,-0.25311,-0.20182,0.1407,-0.10025,-0.11715
-0.32525,-0.84327,-0.42791,-0.05824,0.46952,-0.881,0.94383,-0.26162,-0.20182,0.14075,-0.10024,-0.1173
-0.33282,-0.84031,-0.42791,-0.054012,0.47003,-0.881,0.94144,-0.2701,-0.20182,0.1408,-0.10024,-0.11744
-0.34037,-0.83728,-0.42791,-0.04978,0.47049,-0.881,0.93897,-0.27856,-0.20182,0.14085,-0.10023,-0.11758
-0.34789,-0.83418,-0.42791,-0.045543,0.47092,-0.881,0.93643,-0.287,-0.20182,0.1409,-0.10022,-0.11773
-0.35539,-0.83102,-0.42791,-0.041303,0.47131,-0.881,0.93381,-0.29542,-0.20182,0.14096,-0.10021,-0.11787
-0.36285,-0.82779,-0.42791,-0.03706,0.47167,-0.881,0.93111,-0.30381,-0.20182,0.14101,-0.10021,-0.11801
-0.37029,-0.82449,-0.42791,-0.032813,0.47198,-0.881,0.92834,-0.31218,-0.20182,0.14107,-0.1002,-0.11815
-0.37769,-0.82112,-0.42791,-0.028564,0.47226,-0.881,0.92549,-0.32052,-0.20182,0.14112,-0.1002,-0.1183
-0.38507,-0.81769,-0.42791,-0.024313,0.4725,-0.881,0.92257,-0.32884,-0.20182,0.14118,-0.10019,-0.11844
-0.39241,-0.81419,-0.42791,-0.02006,0.4727,-0.881,0.91957,-0.33713,-0.20182,0.14124,-0.10019,-0.11858
-0.39972,-0.81062,-0.42791,-0.015805,0.47286,-0.881,0.9165,-0.34539,-0.20182,0.1413,-0.10019,-0.11872
-0.407,-0.80699,-0.42791,-0.011548,0.47298,-0.881,0.91335,-0.35362,-0.20182,0.14136,-0.10018,-0.11886
-0.41425,-0.8033,-0.42791,-0.007291,0.47306,-0.881,0.91014,-0.36183,-0.20182,0.14143,-0.10018,-0.119
-0.42146,-0.79954,-0.42791,-0.0030332,0.47311,-0.881,0.90684,-0.37001,-0.20182,0.14149,-0.10018,-0.11914
-0.42864,-0.79571,-0.42791,0.0012249,0.47312,-0.881,0.90348,-0.37815,-0.20182,0.14156,-0.10018,-0.11928
-0.43578,-0.79182,-0.42791,0.0054829,0.47309,-0.881,0.90004,-0.38627,-0.20182,0.14162,-0.10018,-0.11941
-0.44289,-0.78787,-0.42791,0.0097404,0.47302,-0.881,0.89652,-0.39435,-0.20182,0.14169,-0.10018,-0.11955
-0.44996,-0.78385,-0.42791,0.013997,0.47291,-0.881,0.89294,-0.40241,-0.20182,0.14176,-0.10019,-0.11969
-0.457,-0.77977,-0.42791,0.018253,0.47277,-0.881,0.88928,-0.41043,-0.20182,0.14183,-0.10019,-0.11983
-0.464,-0.77562,-0.42791,0.022507,0.47259,-0.881,0.88555,-0.41841,-0.20182,0.1419,-0.10019,-0.11996
-0.47096,-0.77142,-0.42791,0.026759,0.47236,-0.881,0.88175,-0.42637,-0.20182,0.14197,-0.1002,-0.1201
-0.47788,-0.76715,-0.42791,0.031009,0.4721,-0.881,0.87788,-0.43428,-0.20182,0.14204,-0.1002,-0.12023
-0.48477,-0.76282,-0.42791,0.035257,0.47181,-0.881,0.87393,-0.44217,-0.20182,0.14212,-0.1002,-0.12036
-0.49162,-0.75842,-0.42791,0.039502,0.47147,-0.881,0.86992,-0.45002,-0.20182,0.14219,-0.10021,-0.1205
-0.49842,-0.75397,-0.42791,0.043743,0.47109,-0.881,0.86583,-0.45783,-0.20182,0.14227,-0.10022,-0.12063
-0.50519,-0.74945,-0.42791,0.047981,0.47068,-0.881,0.86168,-0.4656,-0.20182,0.14234,-0.10022,-0.12076
-0.51191,-0.74487,-0.42791,0.052215,0.47023,-0.881,0.85745,-0.47334,-0.20182,0.14242,-0.10023,-0.12089
-0.51859,-0.74024,-0.42791,0.056445,0.46974,-0.881,0.85316,-0.48103,-0.20182,0.1425,-0.10024,-0.12103
-0.52524,-0.73554,-0.42791,0.060671,0.46921,-0.881,0.84879,-0.48869,-0.20182,0.14258,-0.10025,-0.12116
-0.53183,-0.73078,-0.42791,0.064891,0.46865,-0.881,0.84436,-0.49631,-0.20182,0.14266,-0.10026,-0.12129
-0.53839,-0.72597,-0.42791,0.069106,0.46805,-0.881,0.83986,-0.50389,-0.20182,0.14274,-0.10027,-0.12141
-0.5449,-0.72109,-0.42791,0.073316,0.46741,-0.881,0.83529,-0.51143,-0.20182,0.14282,-0.10028,-0.12154
-0.55137,-0.71616,-0.42791,0.077519,0.46673,-0.881,0.83065,-0.51893,-0.20182,0.14291,-0.10029,-0.12167
-0.55779,-0.71117,-0.42791,0.081717,0.46601,-0.881,0.82595,-0.52638,-0.20182,0.14299,-0.1003,-0.1218
-0.56417,-0.70612,-0.42791,0.085907,0.46526,-0.881,0.82118,-0.53379,-0.20182,0.14308,-0.10032,-0.12192
-0.5705,-0.70101,-0.42791,0.090091,0.46446,-0.881,0.81634,-0.54116,-0.20182,0.14317,-0.10033,-0.12205
-0.57679,-0.69585,-0.42791,0.094268,0.46363,-0.881,0.81144,-0.54849,-0.20182,0.14325,-0.10034,-0.12217
-0.58303,-0.69063,-0.42791,0.098436,0.46277,-0.881,0.80647,-0.55577,-0.20182,0.14334,-0.10036,-0.1223
-0.58922,-0.68535,-0.42791,0.1026,0.46186,-0.881,0.80143,-0.563,-0.20182,0.14343,-0.10037,-0.12242
-0.59536,-0.68002,-0.42791,0.10675,0.46092,-0.881,0.79633,-0.57019,-0.20182,0.14352,-0.10039,-0.12254
-0.60146,-0.67464,-0.42791,0.11089,0.45994,-0.881,0.79117,-0.57734,-0.20182,0.14361,-0.10041,-0.12266
-0.60751,-0.6692,-0.42791,0.11503,0.45892,-0.881,0.78594,-0.58443,-0.20182,0.14371,-0.10042,-0.12278
-0.6135,-0.6637,-0.42791,0.11915,0.45787,-0.881,0.78065,-0.59148,-0.20182,0.1438,-0.10044,-0.1229
-0.61945,-0.65815,-0.42791,0.12327,0.45678,-0.881,0.7753,-0.59849,-0.20182,0.14389,-0.10046,-0.12302
-0.62535,-0.65255,-0.42791,0.12738,0.45565,-0.881,0.76988,-0.60544,-0.20182,0.14399,-0.10048,-0.12314
-0.6312,-0.6469,-0.42791,0.13147,0.45449,-0.881,0.7644,-0.61234,-0.20182,0.14409,-0.1005,-0.12326
-0.63699,-0.64119,-0.42791,0.13556,0.45329,-0.881,0.75886,-0.6192,-0.20182,0.14418,-0.10052,-0.12337
-0.64274,-0.63543,-0.42791,0.13963,0.45205,-0.881,0.75325,-0.626,-0.20182,0.14428,-0.10054,-0.12349
-0.64843,-0.62962,-0.42791,0.14369,0.45077,-0.881,0.74759,-0.63276,-0.20182,0.14438,-0.10056,-0.1236
-0.65407,-0.62376,-0.42791,0.14774,0.44946,-0.881,0.74186,-0.63946,-0.20182,0.14448,-0.10058,-0.12372
-0.65966,-0.61785,-0.42791,0.15178,0.44811,-0.881,0.73608,-0.64611,-0.20182,0.14458,-0.10061,-0.12383
-0.66519,-0.61189,-0.42791,0.15581,0.44673,-0.881,0.73023,-0.65271,-0.20182,0.14468,-0.10063,-0.12394
-0.67067,-0.60588,-0.42791,0.15982,0.44531,-0.881,0.72433,-0.65925,-0.20182,0.14478,-0.10066,-0.12406
-0.6761,-0.59982,-0.42791,0.16383,0.44385,-0.881,0.71837,-0.66575,-0.20182,0.14489,-0.10068,-0.12417
-0.68147,-0.59371,-0.42791,0.16781,0.44236,-0.881,0.71235,-0.67218,-0.20182,0.14499,-0.10071,-0.12427
-0.68679,-0.58755,-0.42791,0.17179,0.44083,-0.881,0.70627,-0.67857,-0.20182,0.1451,-0.10073,-0.12438
-0.69205,-0.58134,-0.42791,0.17575,0.43927,-0.881,0.70013,-0.6849,-0.20182,0.1452,-0.10076,-0.12449
-0.69725,-0.57509,-0.42791,0.1797,0.43767,-0.881,0.69394,-0.69117,-0.20182,0.14531,-0.10079,-0.1246
-0.7024,-0.56879,-0.42791,0.18363,0.43603,-0.881,0.68769,-0.69739,-0.20182,0.14541,-0.10081,-0.1247
-0.70749,-0.56245,-0.42791,0.18754,0.43436,-0.881,0.68139,-0.70355,-0.20182,0.14552,-0.10084,-0.12481
-0.71252,-0.55606,-0.42791,0.19145,0.43266,-0.881,0.67503,-0.70965,-0.20182,0.14563,-0.10087,-0.12491
-0.7175,-0.54962,-0.42791,0.19533,0.43092,-0.881,0.66861,-0.7157,-0.20182,0.14574,-0.1009,-0.12501
-0.72241,-0.54314,-0.42791,0.1992,0.42914,-0.881,0.66214,-0.72169,-0.20182,0.14585,-0.10093,-0.12512
-0.72727,-0.53662,-0.42791,0.20306,0.42733,-0.881,0.65562,-0.72762,-0.20182,0.14596,-0.10096,-0.12522
-0.73207,-0.53005,-0.42791,0.20689,0.42549,-0.881,0.64905,-0.73349,-0.20182,0.14607,-0.10099,-0.12532
-0.73681,-0.52344,-0.42791,0.21071,0.42361,-0.881,0.64242,-0.7393,-0.20182,0.14618,-0.10102,-0.12542
-0.7415,-0.51679,-0.42791,0.21452,0.42169,-0.881,0.63574,-0.74505,-0.20182,0.1463,-0.10106,-0.12551
-0.74612,-0.5101,-0.42791,0.2183,0.41975,-0.881,0.62901,-0.75074,-0.20182,0.14641,-0.10109,-0.12561
-0.75068,-0.50336,-0.42791,0.22207,0.41776,-0.881,0.62223,-0.75637,-0.20182,0.14653,-0.10112,-0.12571
-0.75518,-0.49659,-0.42791,0.22582,0.41575,-0.881,0.6154,-0.76194,-0.20182,0.14664,-0.10116,-0.1258
-0.75962,-0.48977,-0.42791,0.22956,0.4137,-0.881,0.60851,-0.76745,-0.20182,0.14676,-0.10119,-0.12589
-0.76399,-0.48291,-0.42791,0.23327,0.41162,-0.881,0.60158,-0.7729,-0.20182,0.14687,-0.10123,-0.12599
-0.76831,-0.47602,-0.42791,0.23697,0.4095,-0.881,0.5946,-0.77828,-0.20182,0.14699,-0.10126,-0.12608
-0.77256,-0.46908,-0.42791,0.24064,0.40735,-0.881,0.58757,-0.7836,-0.20182,0.14711,-0.1013,-0.12617
-0.77675,-0.46211,-0.42791,0.2443,0.40517,-0.881,0.5805,-0.78885,-0.20182,0.14723,-0.10134,-0.12626
-0.78088,-0.4551,-0.42791,0.24793,0.40295,-0.881,0.57337,-0.79405,-0.20182,0.14735,-0.10138,-0.12635
-0.78494,-0.44806,-0.42791,0.25155,0.40071,-0.881,0.5662,-0.79918,-0.20182,0.14747,-0.10141,-0.12643
-0.78894,-0.44097,-0.42791,0.25515,0.39843,-0.881,0.55899,-0.80424,-0.20182,0.14759,-0.10145,-0.12652
-0.79288,-0.43385,-0.42791,0.25872,0.39611,-0.881,0.55173,-0.80924,-0.20182,0.14771,-0.10149,-0.1266
-0.79675,-0.4267,-0.42791,0.26228,0.39377,-0.881,0.54442,-0.81417,-0.20182,0.14783,-0.10153,-0.12669
-0.80056,-0.41951,-0.42791,0.26581,0.39139,-0.881,0.53707,-0.81904,-0.20182,0.14795,-0.10157,-0.12677
-0.8043,-0.41229,-0.42791,0.26932,0.38898,-0.881,0.52968,-0.82384,-0.20182,0.14807,-0.10161,-0.12685
-0.80798,-0.40504,-0.42791,0.27281,0.38654,-0.881,0.52224,-0.82857,-0.20182,0.1482,-0.10165,-0.12693
-0.81159,-0.39775,-0.42791,0.27628,0.38407,-0.881,0.51477,-0.83324,-0.20182,0.14832,-0.1017,-0.12701
-0.81514,-0.39043,-0.42791,0.27973,0.38157,-0.881,0.50725,-0.83784,-0.20182,0.14845,-0.10174,-0.12709
-0.81862,-0.38308,-0.42791,0.28315,0.37904,-0.881,0.49968,-0.84237,-0.20182,0.14857,-0.10178,-0.12717
-0.82204,-0.37569,-0.42791,0.28655,0.37647,-0.881,0.49208,-0.84683,-0.20182,0.1487,-0.10183,-0.12724
-0.82538,-0.36828,-0.42791,0.28992,0.37388,-0.881,0.48444,-0.85122,-0.20182,0.14882,-0.10187,-0.12732
-0.82867,-0.36084,-0.42791,0.29328,0.37126,-0.881,0.47676,-0.85555,-0.20182,0.14895,-0.10191,-0.12739
-0.83188,-0.35336,-0.42791,0.29661,0.3686,-0.881,0.46904,-0.85981,-0.20182,0.14908,-0.10196,-0.12746
-0.83503,-0.34586,-0.42791,0.29991,0.36592,-0.881,0.46129,-0.86399,-0.20182,0.1492,-0.102,-0.12754
-0.8381,-0.33833,-0.42791,0.30319,0.3632,-0.881,0.45349,-0.86811,-0.20182,0.14933,-0.10205,-0.12761
-0.84112,-0.33078,-0.42791,0.30645,0.36046,-0.881,0.44566,-0.87216,-0.20182,0.14946,-0.1021,-0.12767
-0.84406,-0.32319,-0.42791,0.30968,0.35769,-0.881,0.43779,-0.87613,-0.20182,0.14959,-0.10214,-0.12774
-0.84693,-0.31558,-0.42791,0.31289,0.35489,-0.881,0.42989,-0.88004,-0.20182,0.14972,-0.10219,-0.12781
-0.84974,-0.30795,-0.42791,0.31607,0.35206,-0.881,0.42195,-0.88387,-0.20182,0.14985,-0.10224,-0.12787
-0.85248,-0.30029,-0.42791,0.31923,0.3492,-0.881,0.41398,-0.88763,-0.20182,0.14998,-0.10229,-0.12794
-0.85514,-0.2926,-0.42791,0.32236,0.34631,-0.881,0.40597,-0.89132,-0.20182,0.15011,-0.10234,-0.128
-0.85774,-0.2849,-0.42791,0.32546,0.34339,-0.881,0.39794,-0.89494,-0.20182,0.15024,-0.10239,-0.12806
-0.86027,-0.27716,-0.42791,0.32854,0.34045,-0.881,0.38987,-0.89848,-0.20182,0.15037,-0.10244,-0.12812
-0.86273,-0.26941,-0.42791,0.33159,0.33748,-0.881,0.38176,-0.90196,-0.20182,0.1505,-0.10249,-0.12818
-0.86512,-0.26164,-0.42791,0.33461,0.33448,-0.881,0.37363,-0.90536,-0.20182,0.15064,-0.10254,-0.12824
-0.86744,-0.25384,-0.42791,0.33761,0.33146,-0.881,0.36547,-0.90868,-0.20182,0.15077,-0.10259,-0.1283
-0.86969,-0.24602,-0.42791,0.34058,0.32841,-0.881,0.35727,-0.91193,-0.20182,0.1509,-0.10264,-0.12835
-0.87187,-0.23819,-0.42791,0.34352,0.32533,-0.881,0.34905,-0.91511,-0.20182,0.15103,-0.10269,-0.1284
-0.87398,-0.23033,-0.42791,0.34643,0.32222,-0.881,0.3408,-0.91822,-0.20182,0.15117,-0.10275,-0.12846
-0.87602,-0.22245,-0.42791,0.34932,0.31909,-0.881,0.33253,-0.92125,-0.20182,0.1513,-0.1028,-0.12851
-0.87798,-0.21456,-0.42791,0.35218,0.31594,-0.881,0.32422,-0.9242,-0.20182,0.15144,-0.10285,-0.12856
-0.87988,-0.20665,-0.42791,0.35501,0.31275,-0.881,0.31589,-0.92708,-0.20182,0.15157,-0.10291,-0.12861
-0.8817,-0.19872,-0.42791,0.35781,0.30955,-0.881,0.30753,-0.92989,-0.20182,0.15171,-0.10296,-0.12866
-0.88345,-0.19078,-0.42791,0.36058,0.30631,-0.881,0.29915,-0.93262,-0.20182,0.15184,-0.10302,-0.1287
-0.88514,-0.18282,-0.42791,0.36332,0.30305,-0.881,0.29075,-0.93527,-0.20182,0.15198,-0.10307,-0.12875
-0.88675,-0.17485,-0.42791,0.36603,0.29977,-0.881,0.28232,-0.93785,-0.20182,0.15211,-0.10313,-0.12879
-0.88828,-0.16686,-0.42791,0.36872,0.29647,-0.881,0.27387,-0.94035,-0.20182,0.15225,-0.10319,-0.12883
-0.88975,-0.15886,-0.42791,0.37137,0.29314,-0.881,0.26539,-0.94278,-0.20182,0.15238,-0.10324,-0.12888
-0.89114,-0.15084,-0.42791,0.37399,0.28978,-0.881,0.2569,-0.94513,-0.20182,0.15252,-0.1033,-0.12892
