0.41521,-0.90174,-0.12029,0.20523,0.22166,-0.95328,0.88628,0.37112,0.2771,0.13462,-0.10172,-0.10214
0.40708,-0.90544,-0.12029,0.20721,0.21981,-0.95328,0.88958,0.36313,0.2771,0.13456,-0.10175,-0.10227
0.39891,-0.90907,-0.12029,0.20918,0.21793,-0.95328,0.89281,0.35511,0.2771,0.1345,-0.10178,-0.10241
0.39071,-0.91262,-0.12029,0.21114,0.21604,-0.95328,0.89597,0.34706,0.2771,0.13444,-0.10181,-0.10255
0.38248,-0.9161,-0.12029,0.21307,0.21413,-0.95328,0.89906,0.33898,0.2771,0.13438,-0.10184,-0.10268
0.37422,-0.9195,-0.12029,0.21499,0.21221,-0.95328,0.90207,0.33088,0.2771,0.13432,-0.10188,-0.10282
0.36593,-0.92283,-0.12029,0.21689,0.21026,-0.95328,0.90501,0.32275,0.2771,0.13426,-0.10191,-0.10296
0.35761,-0.92609,-0.12029,0.21878,0.2083,-0.95328,0.90788,0.31459,0.2771,0.13421,-0.10194,-0.1031
0.34926,-0.92927,-0.12029,0.22064,0.20633,-0.95328,0.91068,0.30641,0.2771,0.13415,-0.10198,-0.10324
0.34089,-0.93238,-0.12029,0.22249,0.20433,-0.95328,0.9134,0.2982,0.2771,0.1341,-0.10201,-0.10338
0.33248,-0.93541,-0.12029,0.22432,0.20232,-0.95328,0.91604,0.28996,0.2771,0.13405,-0.10205,-0.10352
0.32405,-0.93836,-0.12029,0.22613,0.20029,-0.95328,0.91862,0.28171,0.2771,0.134,-0.10208,-0.10366
0.31559,-0.94124,-0.12029,0.22793,0.19825,-0.95328,0.92111,0.27343,0.2771,0.13395,-0.10211,-0.1038
0.30711,-0.94404,-0.12029,0.2297,0.19619,-0.95328,0.92354,0.26513,0.2771,0.1339,-0.10215,-0.10394
0.2986,-0.94677,-0.12029,0.23146,0.19412,-0.95328,0.92589,0.25681,0.2771,0.13386,-0.10218,-0.10408
0.29007,-0.94942,-0.12029,0.23319,0.19203,-0.95328,0.92816,0.24846,0.2771,0.13381,-0.10222,-0.10422
0.28151,-0.95199,-0.12029,0.23491,0.18992,-0.95328,0.93036,0.2401,0.2771,0.13377,-0.10226,-0.10436
0.27293,-0.95448,-0.12029,0.23661,0.1878,-0.95328,0.93248,0.23172,0.2771,0.13373,-0.10229,-0.10451
0.26433,-0.9569,-0.12029,0.23829,0.18566,-0.95328,0.93453,0.22332,0.2771,0.13368,-0.10233,-0.10465
0.25571,-0.95924,-0.12029,0.23995,0.18351,-0.95328,0.9365,0.2149,0.2771,0.13364,-0.10237,-0.10479
0.24706,-0.9615,-0.12029,0.2416,0.18134,-0.95328,0.9384,0.20646,0.2771,0.13361,-0.1024,-0.10494
0.2384,-0.96369,-0.12029,0.24322,0.17916,-0.95328,0.94022,0.198,0.2771,0.13357,-0.10244,-0.10508
0.22972,-0.9658,-0.12029,0.24482,0.17696,-0.95328,0.94196,0.18953,0.2771,0.13353,-0.10248,-0.10522
0.22101,-0.96782,-0.12029,0.2464,0.17475,-0.95328,0.94363,0.18105,0.2771,0.1335,-0.10251,-0.10537
0.2123,-0.96977,-0.12029,0.24797,0.17253,-0.95328,0.94522,0.17255,0.2771,0.13347,-0.10255,-0.10551
0.20356,-0.97164,-0.12029,0.24951,0.17029,-0.95328,0.94674,0.16404,0.2771,0.13343,-0.10259,-0.10566
0.19481,-0.97344,-0.12029,0.25103,0.16804,-0.95328,0.94817,0.15551,0.2771,0.1334,-0.10263,-0.1058
0.18604,-0.97515,-0.12029,0.25253,0.16577,-0.95328,0.94953,0.14697,0.2771,0.13337,-0.10267,-0.10595
0.17725,-0.97679,-0.12029,0.25402,0.16349,-0.95328,0.95082,0.13842,0.2771,0.13335,-0.10271,-0.10609
0.16846,-0.97834,-0.12029,0.25548,0.1612,-0.95328,0.95203,0.12985,0.2771,0.13332,-0.10274,-0.10624
0.15964,-0.97982,-0.12029,0.25692,0.15889,-0.95328,0.95316,0.12128,0.2771,0.13329,-0.10278,-0.10638
0.15082,-0.98122,-0.12029,0.25834,0.15657,-0.95328,0.95421,0.1127,0.2771,0.13327,-0.10282,-0.10653
0.14198,-0.98253,-0.12029,0.25974,0.15424,-0.95328,0.95519,0.10411,0.2771,0.13325,-0.10286,-0.10668
0.13313,-0.98377,-0.12029,0.26111,0.1519,-0.95328,0.95608,0.095505,0.2771,0.13323,-0.1029,-0.10682
0.12427,-0.98493,-0.12029,0.26247,0.14954,-0.95328,0.9569,0.086896,0.2771,0.13321,-0.10294,-0.10697
0.11541,-0.98601,-0.12029,0.2638,0.14717,-0.95328,0.95765,0.078281,0.2771,0.13319,-0.10298,-0.10711
0.10653,-0.98701,-0.12029,0.26512,0.14479,-0.95328,0.95831,0.069659,0.2771,0.13317,-0.10302,-0.10726
0.097639,-0.98793,-0.12029,0.26641,0.1424,-0.95328,0.9589,0.061031,0.2771,0.13316,-0.10306,-0.10741
0.088744,-0.98876,-0.12029,0.26768,0.14,-0.95328,0.95941,0.052399,0.2771,0.13314,-0.1031,-0.10755
0.079842,-0.98952,-0.12029,0.26893,0.13758,-0.95328,0.95984,0.043762,0.2771,0.13313,-0.10315,-0.1077
0.070933,-0.9902,-0.12029,0.27016,0.13516,-0.95328,0.9602,0.035122,0.2771,0.13312,-0.10319,-0.10785
0.062019,-0.9908,-0.12029,0.27136,0.13272,-0.95328,0.96048,0.026479,0.2771,0.13311,-0.10323,-0.108
0.053099,-0.99132,-0.12029,0.27255,0.13027,-0.95328,0.96068,0.017833,0.2771,0.1331,-0.10327,-0.10814
0.044175,-0.99176,-0.12029,0.27371,0.12782,-0.95328,0.9608,0.0091867,0.2771,0.13309,-0.10331,-0.10829
0.035248,-0.99211,-0.12029,0.27485,0.12535,-0.95328,0.96084,0.00053929,0.2771,0.13309,-0.10335,-0.10844
0.026317,-0.99239,-0.12029,0.27597,0.12287,-0.95328,0.96081,-0.0081082,0.2771,0.13308,-0.1034,-0.10858
0.017385,-0.99259,-0.12029,0.27706,0.12038,-0.95328,0.9607,-0.016755,0.2771,0.13308,-0.10344,-0.10873
0.008451,-0.9927,-0.12029,0.27813,0.11788,-0.95328,0.96051,-0.0254,0.2771,0.13308,-0.10348,-0.10888
-0.00048356,-0.99274,-0.12029,0.27918,0.11537,-0.95328,0.96024,-0.034044,0.2771,0.13307,-0.10352,-0.10902
-0.0094181,-0.99269,-0.12029,0.28021,0.11286,-0.95328,0.95989,-0.042685,0.2771,0.13308,-0.10357,-0.10917
-0.018352,-0.99257,-0.12029,0.28121,0.11033,-0.95328,0.95947,-0.051322,0.2771,0.13308,-0.10361,-0.10932
-0.027284,-0.99236,-0.12029,0.28219,0.10779,-0.95328,0.95897,-0.059955,0.2771,0.13308,-0.10365,-0.10946
-0.036214,-0.99208,-0.12029,0.28315,0.10525,-0.95328,0.95839,-0.068583,0.2771,0.13309,-0.1037,-0.10961
-0.045141,-0.99171,-0.12029,0.28409,0.1027,-0.95328,0.95773,-0.077206,0.2771,0.13309,-0.10374,-0.10976
-0.054065,-0.99127,-0.12029,0.285,0.10014,-0.95328,0.957,-0.085822,0.2771,0.1331,-0.10378,-0.1099
-0.062984,-0.99074,-0.12029,0.28589,0.097568,-0.95328,0.95619,-0.094431,0.2771,0.13311,-0.10383,-0.11005
-0.071898,-0.99013,-0.12029,0.28676,0.094991,-0.95328,0.9553,-0.10303,0.2771,0.13312,-0.10387,-0.1102
-0.080806,-0.98944,-0.12029,0.2876,0.092406,-0.95328,0.95434,-0.11163,0.2771,0.13313,-0.10391,-0.11034
-0.089708,-0.98868,-0.12029,0.28842,0.089814,-0.95328,0.95329,-0.12021,0.2771,0.13314,-0.10396,-0.11049
-0.098602,-0.98783,-0.12029,0.28922,0.087215,-0.95328,0.95217,-0.12879,0.2771,0.13316,-0.104,-0.11064
-0.10749,-0.9869,-0.12029,0.28999,0.084608,-0.95328,0.95097,-0.13735,0.2771,0.13317,-0.10405,-0.11078
-0.11637,-0.9859,-0.12029,0.29074,0.081995,-0.95328,0.9497,-0.1459,0.2771,0.13319,-0.10409,-0.11093
-0.12523,-0.98481,-0.12029,0.29147,0.079375,-0.95328,0.94835,-0.15444,0.2771,0.13321,-0.10414,-0.11107
-0.13409,-0.98364,-0.12029,0.29217,0.076749,-0.95328,0.94692,-0.16297,0.2771,0.13323,-0.10418,-0.11122
-0.14294,-0.98239,-0.12029,0.29285,0.074116,-0.95328,0.94541,-0.17149,0.2771,0.13325,-0.10422,-0.11136
-0.15178,-0.98107,-0.12029,0.2935,0.071478,-0.95328,0.94383,-0.17999,0.2771,0.13327,-0.10427,-0.11151
-0.1606,-0.97966,-0.12029,0.29413,0.068833,-0.95328,0.94217,-0.18848,0.2771,0.1333,-0.10431,-0.11165
-0.16941,-0.97818,-0.12029,0.29474,0.066183,-0.95328,0.94044,-0.19695,0.2771,0.13332,-0.10436,-0.11179
-0.17821,-0.97661,-0.12029,0.29533,0.063528,-0.95328,0.93863,-0.2054,0.2771,0.13335,-0.1044,-0.11194
-0.18699,-0.97497,-0.12029,0.29589,0.060867,-0.95328,0.93674,-0.21384,0.2771,0.13338,-0.10445,-0.11208
-0.19575,-0.97325,-0.12029,0.29642,0.058202,-0.95328,0.93478,-0.22227,0.2771,0.13341,-0.1045,-0.11222
-0.20451,-0.97145,-0.12029,0.29693,0.055532,-0.95328,0.93274,-0.23067,0.2771,0.13344,-0.10454,-0.11237
-0.21324,-0.96957,-0.12029,0.29742,0.052857,-0.95328,0.93063,-0.23906,0.2771,0.13347,-0.10459,-0.11251
-0.22196,-0.96761,-0.12029,0.29789,0.050178,-0.95328,0.92844,-0.24742,0.2771,0.1335,-0.10463,-0.11265
-0.23066,-0.96557,-0.12029,0.29832,0.047495,-0.95328,0.92617,-0.25577,0.2771,0.13354,-0.10468,-0.11279
-0.23934,-0.96346,-0.12029,0.29874,0.044809,-0.95328,0.92384,-0.26409,0.2771,0.13357,-0.10472,-0.11294
-0.248,-0.96126,-0.12029,0.29913,0.042118,-0.95328,0.92142,-0.2724,0.2771,0.13361,-0.10477,-0.11308
-0.25664,-0.95899,-0.12029,0.2995,0.039424,-0.95328,0.91893,-0.28068,0.2771,0.13365,-0.10481,-0.11322
-0.26526,-0.95664,-0.12029,0.29984,0.036727,-0.95328,0.91637,-0.28894,0.2771,0.13369,-0.10486,-0.11336
-0.27386,-0.95422,-0.12029,0.30016,0.034027,-0.95328,0.91373,-0.29717,0.2771,0.13373,-0.10491,-0.1135
-0.28244,-0.95171,-0.12029,0.30045,0.031324,-0.95328,0.91102,-0.30538,0.2771,0.13377,-0.10495,-0.11364
-0.29099,-0.94913,-0.12029,0.30072,0.028619,-0.95328,0.90823,-0.31357,0.2771,0.13382,-0.105,-0.11378
-0.29952,-0.94648,-0.12029,0.30097,0.025912,-0.95328,0.90538,-0.32173,0.2771,0.13386,-0.10504,-0.11392
-0.30803,-0.94374,-0.12029,0.30119,0.023202,-0.95328,0.90244,-0.32987,0.2771,0.13391,-0.10509,-0.11405
-0.31651,-0.94093,-0.12029,0.30139,0.02049,-0.95328,0.89944,-0.33797,0.2771,0.13396,-0.10514,-0.11419
-0.32496,-0.93805,-0.12029,0.30156,0.017777,-0.95328,0.89636,-0.34606,0.2771,0.134,-0.10518,-0.11433
-0.33339,-0.93508,-0.12029,0.30171,0.015062,-0.95328,0.89321,-0.35411,0.2771,0.13406,-0.10523,-0.11447
-0.34179,-0.93204,-0.12029,0.30183,0.012346,-0.95328,0.88999,-0.36213,0.2771,0.13411,-0.10528,-0.1146
-0.35017,-0.92893,-0.12029,0.30193,0.0096294,-0.95328,0.88669,-0.37013,0.2771,0.13416,-0.10532,-0.11474
-0.35851,-0.92574,-0.12029,0.302,0.0069117,-0.95328,0.88332,-0.37809,0.2771,0.13421,-0.10537,-0.11487
-0.36683,-0.92248,-0.12029,0.30205,0.0041934,-0.95328,0.87989,-0.38603,0.2771,0.13427,-0.10541,-0.11501
-0.37512,-0.91914,-0.12029,0.30208,0.0014748,-0.95328,0.87638,-0.39393,0.2771,0.13433,-0.10546,-0.11514
-0.38338,-0.91573,-0.12029,0.30208,-0.0012439,-0.95328,0.87279,-0.4018,0.2771,0.13438,-0.10551,-0.11528
-0.3916,-0.91224,-0.12029,0.30206,-0.0039626,-0.95328,0.86914,-0.40964,0.2771,0.13444,-0.10555,-0.11541
-0.3998,-0.90868,-0.12029,0.30201,-0.0066809,-0.95328,0.86542,-0.41745,0.2771,0.1345,-0.1056,-0.11554
-0.40796,-0.90504,-0.12029,0.30194,-0.0093986,-0.95328,0.86163,-0.42522,0.2771,0.13457,-0.10564,-0.11567
-0.41609,-0.90133,-0.12029,0.30184,-0.012116,-0.95328,0.85777,-0.43296,0.2771,0.13463,-0.10569,-0.11581
-0.42418,-0.89755,-0.12029,0.30172,-0.014832,-0.95328,0.85384,-0.44066,0.2771,0.13469,-0.10574,-0.11594
-0.43224,-0.8937,-0.12029,0.30157,-0.017546,-0.95328,0.84984,-0.44833,0.2771,0.13476,-0.10578,-0.11607
-0.44027,-0.88977,-0.12029,0.3014,-0.02026,-0.95328,0.84577,-0.45596,0.2771,0.13483,-0.10583,-0.1162
-0.44826,-0.88577,-0.12029,0.30121,-0.022972,-0.95328,0.84163,-0.46355,0.2771,0.13489,-0.10588,-0.11633
-0.45621,-0.8817,-0.12029,0.30099,-0.025682,-0.95328,0.83742,-0.4711,0.2771,0.13496,-0.10592,-0.11645
-0.46413,-0.87756,-0.12029,0.30074,-0.028389,-0.95328,0.83315,-0.47862,0.2771,0.13503,-0.10597,-0.11658
-0.47201,-0.87335,-0.12029,0.30048,-0.031095,-0.95328,0.82881,-0.4861,0.2771,0.1351,-0.10601,-0.11671
-0.47985,-0.86907,-0.12029,0.30019,-0.033798,-0.95328,0.8244,-0.49354,0.2771,0.13518,-0.10606,-0.11684
-0.48765,-0.86471,-0.12029,0.29987,-0.036498,-0.95328,0.81992,-0.50094,0.2771,0.13525,-0.10611,-0.11696
-0.49541,-0.86029,-0.12029,0.29953,-0.039195,-0.95328,0.81538,-0.5083,0.2771,0.13533,-0.10615,-0.11709
-0.50314,-0.85579,-0.12029,0.29916,-0.04189,-0.95328,0.81077,-0.51562,0.2771,0.1354,-0.1062,-0.11721
-0.51082,-0.85123,-0.12029,0.29877,-0.04458,-0.95328,0.8061,-0.52289,0.2771,0.13548,-0.10624,-0.11733
-0.51846,-0.8466,-0.12029,0.29836,-0.047267,-0.95328,0.80136,-0.53013,0.2771,0.13556,-0.10629,-0.11746
-0.52606,-0.8419,-0.12029,0.29792,-0.049951,-0.95328,0.79656,-0.53732,0.2771,0.13564,-0.10633,-0.11758
-0.53361,-0.83713,-0.12029,0.29746,-0.05263,-0.95328,0.79169,-0.54446,0.2771,0.13572,-0.10638,-0.1177
-0.54112,-0.83229,-0.12029,0.29698,-0.055305,-0.95328,0.78676,-0.55157,0.2771,0.1358,-0.10643,-0.11782
-0.54859,-0.82739,-0.12029,0.29647,-0.057975,-0.95328,0.78176,-0.55863,0.2771,0.13589,-0.10647,-0.11794
-0.55602,-0.82242,-0.12029,0.29593,-0.060641,-0.95328,0.7767,-0.56564,0.2771,0.13597,-0.10652,-0.11806
-0.5634,-0.81738,-0.12029,0.29537,-0.063302,-0.95328,0.77158,-0.57261,0.2771,0.13606,-0.10656,-0.11818
-0.57073,-0.81228,-0.12029,0.29479,-0.065958,-0.95328,0.7664,-0.57953,0.2771,0.13614,-0.10661,-0.1183
-0.57802,-0.80711,-0.12029,0.29419,-0.068608,-0.95328,0.76115,-0.5864,0.2771,0.13623,-0.10665,-0.11841
-0.58526,-0.80188,-0.12029,0.29356,-0.071253,-0.95328,0.75584,-0.59323,0.2771,0.13632,-0.1067,-0.11853
-0.59245,-0.79658,-0.12029,0.2929,-0.073892,-0.95328,0.75047,-0.60001,0.2771,0.13641,-0.10674,-0.11865
-0.5996,-0.79121,-0.12029,0.29223,-0.076525,-0.95328,0.74504,-0.60674,0.2771,0.1365,-0.10679,-0.11876
-0.60669,-0.78578,-0.12029,0.29153,-0.079152,-0.95328,0.73955,-0.61342,0.2771,0.13659,-0.10683,-0.11887
-0.61374,-0.78029,-0.12029,0.2908,-0.081773,-0.95328,0.734,-0.62005,0.2771,0.13669,-0.10688,-0.11899
-0.62074,-0.77474,-0.12029,0.29006,-0.084387,-0.95328,0.72839,-0.62663,0.2771,0.13678,-0.10692,-0.1191
-0.62768,-0.76912,-0.12029,0.28928,-0.086994,-0.95328,0.72272,-0.63316,0.2771,0.13688,-0.10696,-0.11921
-0.63458,-0.76344,-0.12029,0.28849,-0.089594,-0.95328,0.71699,-0.63964,0.2771,0.13697,-0.10701,-0.11932
-0.64143,-0.7577,-0.12029,0.28767,-0.092187,-0.95328,0.71121,-0.64606,0.2771,0.13707,-0.10705,-0.11943
-0.64822,-0.75189,-0.12029,0.28683,-0.094772,-0.95328,0.70537,-0.65244,0.2771,0.13717,-0.1071,-0.11954
-0.65496,-0.74603,-0.12029,0.28597,-0.097349,-0.95328,0.69946,-0.65876,0.2771,0.13727,-0.10714,-0.11964
-0.66165,-0.7401,-0.12029,0.28508,-0.099919,-0.95328,0.69351,-0.66503,0.2771,0.13737,-0.10718,-0.11975
-0.66828,-0.73412,-0.12029,0.28417,-0.10248,-0.95328,0.68749,-0.67124,0.2771,0.13747,-0.10723,-0.11986
-0.67486,-0.72807,-0.12029,0.28323,-0.10503,-0.95328,0.68143,-0.6774,0.2771,0.13757,-0.10727,-0.11996
-0.68139,-0.72197,-0.12029,0.28228,-0.10758,-0.95328,0.6753,-0.68351,0.2771,0.13768,-0.10731,-0.12007
-0.68786,-0.71581,-0.12029,0.2813,-0.11012,-0.95328,0.66912,-0.68956,0.2771,0.13778,-0.10736,-0.12017
-0.69427,-0.70959,-0.12029,0.28029,-0.11264,-0.95328,0.66289,-0.69555,0.2771,0.13789,-0.1074,-0.12027
-0.70063,-0.70331,-0.12029,0.27927,-0.11516,-0.95328,0.6566,-0.70149,0.2771,0.138,-0.10744,-0.12037
-0.70693,-0.69698,-0.12029,0.27822,-0.11767,-0.95328,0.65026,-0.70737,0.2771,0.1381,-0.10749,-0.12047
-0.71317,-0.69059,-0.12029,0.27715,-0.12017,-0.95328,0.64387,-0.7132,0.2771,0.13821,-0.10753,-0.12057
-0.71936,-0.68414,-0.12029,0.27606,-0.12266,-0.95328,0.63743,-0.71896,0.2771,0.13832,-0.10757,-0.12067
-0.72549,-0.67764,-0.12029,0.27494,-0.12514,-0.95328,0.63093,-0.72467,0.2771,0.13843,-0.10761,-0.12077
-0.73156,-0.67108,-0.12029,0.27381,-0.12761,-0.95328,0.62438,-0.73032,0.2771,0.13854,-0.10765,-0.12086
-0.73757,-0.66447,-0.12029,0.27265,-0.13007,-0.95328,0.61778,-0.73591,0.2771,0.13866,-0.1077,-0.12096
-0.74352,-0.65781,-0.12029,0.27147,-0.13251,-0.95328,0.61114,-0.74144,0.2771,0.13877,-0.10774,-0.12105
-0.74941,-0.65109,-0.12029,0.27026,-0.13495,-0.95328,0.60444,-0.74691,0.2771,0.13888,-0.10778,-0.12114
-0.75524,-0.64432,-0.12029,0.26904,-0.13738,-0.95328,0.59769,-0.75232,0.2771,0.139,-0.10782,-0.12124
-0.76101,-0.63749,-0.12029,0.26779,-0.13979,-0.95328,0.5909,-0.75767,0.2771,0.13911,-0.10786,-0.12133
-0.76671,-0.63062,-0.12029,0.26652,-0.1422,-0.95328,0.58405,-0.76295,0.2771,0.13923,-0.1079,-0.12142
-0.77236,-0.62369,-0.12029,0.26523,-0.14459,-0.95328,0.57716,-0.76818,0.2771,0.13935,-0.10794,-0.1215
-0.77794,-0.61672,-0.12029,0.26392,-0.14697,-0.95328,0.57023,-0.77334,0.2771,0.13947,-0.10798,-0.12159
-0.78346,-0.60969,-0.12029,0.26258,-0.14934,-0.95328,0.56324,-0.77844,0.2771,0.13959,-0.10802,-0.12168
-0.78891,-0.60262,-0.12029,0.26123,-0.1517,-0.95328,0.55621,-0.78348,0.2771,0.13971,-0.10806,-0.12176
-0.79431,-0.59549,-0.12029,0.25985,-0.15404,-0.95328,0.54914,-0.78845,0.2771,0.13983,-0.1081,-0.12185
-0.79963,-0.58832,-0.12029,0.25846,-0.15638,-0.95328,0.54202,-0.79337,0.2771,0.13995,-0.10814,-0.12193
-0.80489,-0.5811,-0.12029,0.25704,-0.1587,-0.95328,0.53486,-0.79821,0.2771,0.14007,-0.10818,-0.12202
-0.81009,-0.57383,-0.12029,0.2556,-0.161,-0.95328,0.52765,-0.80299,0.2771,0.1402,-0.10822,-0.1221
-0.81522,-0.56652,-0.12029,0.25414,-0.1633,-0.95328,0.52041,-0.80771,0.2771,0.14032,-0.10826,-0.12218
-0.82029,-0.55916,-0.12029,0.25266,-0.16558,-0.95328,0.51312,-0.81236,0.2771,0.14045,-0.1083,-0.12226
-0.82529,-0.55175,-0.12029,0.25116,-0.16785,-0.95328,0.50578,-0.81694,0.2771,0.14057,-0.10834,-0.12233
-0.83022,-0.5443,-0.12029,0.24964,-0.1701,-0.95328,0.49841,-0.82146,0.2771,0.1407,-0.10838,-0.12241
-0.83509,-0.53681,-0.12029,0.2481,-0.17234,-0.95328,0.491,-0.82592,0.2771,0.14083,-0.10841,-0.12249
-0.83988,-0.52927,-0.12029,0.24654,-0.17456,-0.95328,0.48355,-0.8303,0.2771,0.14095,-0.10845,-0.12256
-0.84461,-0.52169,-0.12029,0.24496,-0.17678,-0.95328,0.47605,-0.83462,0.2771,0.14108,-0.10849,-0.12263
-0.84927,-0.51407,-0.12029,0.24336,-0.17897,-0.95328,0.46852,-0.83887,0.2771,0.14121,-0.10853,-0.12271
-0.85387,-0.5064,-0.12029,0.24173,-0.18116,-0.95328,0.46095,-0.84305,0.2771,0.14134,-0.10856,-0.12278
-0.85839,-0.4987,-0.12029,0.24009,-0.18332,-0.95328,0.45335,-0.84717,0.2771,0.14147,-0.1086,-0.12285
-0.86284,-0.49095,-0.12029,0.23844,-0.18548,-0.95328,0.4457,-0.85121,0.2771,0.14161,-0.10864,-0.12292
-0.86723,-0.48317,-0.12029,0.23676,-0.18762,-0.95328,0.43803,-0.85519,0.2771,0.14174,-0.10867,-0.12298
-0.87154,-0.47534,-0.12029,0.23506,-0.18974,-0.95328,0.43031,-0.8591,0.2771,0.14187,-0.10871,-0.12305
-0.87578,-0.46748,-0.12029,0.23334,-0.19185,-0.95328,0.42256,-0.86294,0.2771,0.142,-0.10875,-0.12312
-0.87995,-0.45958,-0.12029,0.2316,-0.19394,-0.95328,0.41478,-0.8667,0.2771,0.14214,-0.10878,-0.12318
-0.88405,-0.45164,-0.12029,0.22985,-0.19602,-0.95328,0.40696,-0.8704,0.2771,0.14227,-0.10882,-0.12324
-0.88808,-0.44367,-0.12029,0.22808,-0.19808,-0.95328,0.39911,-0.87403,0.2771,0.14241,-0.10885,-0.1233
-0.89204,-0.43566,-0.12029,0.22628,-0.20012,-0.95328,0.39123,-0.87759,0.2771,0.14255,-0.10889,-0.12336
-0.89592,-0.42761,-0.12029,0.22447,-0.20215,-0.95328,0.38332,-0.88107,0.2771,0.14268,-0.10892,-0.12342
-0.89974,-0.41953,-0.12029,0.22265,-0.20416,-0.95328,0.37537,-0.88448,0.2771,0.14282,-0.10896,-0.12348
-0.90348,-0.41141,-0.12029,0.2208,-0.20616,-0.95328,0.36739,-0.88783,0.2771,0.14296,-0.10899,-0.12354
-0.90714,-0.40327,-0.12029,0.21894,-0.20814,-0.95328,0.35939,-0.8911,0.2771,0.1431,-0.10902,-0.12359
-0.91073,-0.39509,-0.12029,0.21705,-0.2101,-0.95328,0.35136,-0.8943,0.2771,0.14323,-0.10906,-0.12365
-0.91425,-0.38687,-0.12029,0.21515,-0.21204,-0.95328,0.34329,-0.89742,0.2771,0.14337,-0.10909,-0.1237
-0.9177,-0.37863,-0.12029,0.21324,-0.21397,-0.95328,0.3352,-0.90048,0.2771,0.14351,-0.10912,-0.12375
