-0.54075,0.64306,-0.54227,0.81569,0.24337,-0.5248,-0.2055,-0.72611,-0.65615,-0.028388,0.073903,-0.1925
-0.54075,0.64306,-0.54227,0.81569,0.24337,-0.5248,-0.2055,-0.72611,-0.65615,-0.028388,0.073902,-0.1925
-0.54075,0.64306,-0.54227,0.81569,0.24337,-0.5248,-0.2055,-0.72611,-0.65615,-0.028388,0.073907,-0.1925
-0.54075,0.64306,-0.54227,0.81569,0.24337,-0.5248,-0.2055,-0.72611,-0.65615,-0.028387,0.073901,-0.1925
-0.54075,0.64306,-0.54227,0.81569,0.24337,-0.5248,-0.2055,-0.72611,-0.65615,-0.028388,0.073905,-0.1925
-0.54075,0.64306,-0.54227,0.81569,0.24337,-0.5248,-0.2055,-0.72611,-0.65615,-0.028388,0.073904,-0.1925
-0.54075,0.64306,-0.54227,0.81569,0.24337,-0.5248,-0.2055,-0.72611,-0.65615,-0.028386,0.073906,-0.1925
-0.54075,0.64306,-0.54227,0.81569,0.24337,-0.5248,-0.2055,-0.72611,-0.65615,-0.028388,0.073901,-0.1925
-0.54075,0.64306,-0.54227,0.81569,0.24337,-0.5248,-0.2055,-0.72611,-0.65615,-0.028389,0.073903,-0.1925
-0.54075,0.64306,-0.54227,0.81569,0.24337,-0.5248,-0.2055,-0.72611,-0.65615,-0.028389,0.073904,-0.1925
-0.54075,0.64306,-0.54227,0.81569,0.24337,-0.5248,-0.2055,-0.72611,-0.65615,-0.028388,0.073904,-0.1925
-0.54075,0.64306,-0.54227,0.81569,0.24337,-0.5248,-0.2055,-0.72611,-0.65615,-0.028389,0.073901,-0.1925
-0.54075,0.64306,-0.54227,0.81569,0.24337,-0.5248,-0.2055,-0.72611,-0.65615,-0.028388,0.0739,-0.1925
-0.54075,0.64306,-0.54227,0.81569,0.24337,-0.5248,-0.2055,-0.72611,-0.65615,-0.028387,0.073902,-0.1925
-0.54075,0.64306,-0.54227,0.81569,0.24337,-0.5248,-0.2055,-0.72611,-0.65615,-0.028389,0.073903,-0.1925
-0.54047,0.64304,-0.54258,0.81589,0.24308,-0.52463,-0.20547,-0.72623,-0.65603,-0.028391,0.073903,-0.1925
-0.54047,0.64304,-0.54258,0.81589,0.24308,-0.52463,-0.20547,-0.72623,-0.65603,-0.02839,0.073902,-0.1925
-0.54075,0.64306,-0.54227,0.81569,0.24337,-0.5248,-0.2055,-0.72611,-0.65615,-0.028389,0.073902,-0.1925
-0.54075,0.64306,-0.54227,0.81569,0.24337,-0.5248,-0.2055,-0.72611,-0.65615,-0.028389,0.0739,-0.1925
-0.54075,0.64306,-0.54227,0.81569,0.24337,-0.5248,-0.2055,-0.72611,-0.65615,-0.028391,0.073905,-0.1925
-0.54075,0.64306,-0.54227,0.81569,0.24337,-0.5248,-0.2055,-0.72611,-0.65615,-0.02839,0.0739,-0.1925
-0.54047,0.64304,-0.54258,0.81589,0.24308,-0.52463,-0.20547,-0.72623,-0.65603,-0.028391,0.0739,-0.1925
-0.54047,0.64304,-0.54258,0.81589,0.24308,-0.52463,-0.20547,-0.72623,-0.65603,-0.028392,0.073903,-0.1925
-0.54075,0.64306,-0.54227,0.81569,0.24337,-0.5248,-0.2055,-0.72611,-0.65615,-0.028389,0.073901,-0.1925
-0.54075,0.64306,-0.54227,0.81569,0.24337,-0.5248,-0.2055,-0.72611,-0.65615,-0.02839,0.073904,-0.1925
-0.54075,0.64306,-0.54227,0.81569,0.24337,-0.5248,-0.2055,-0.72611,-0.65615,-0.028389,0.073901,-0.1925
-0.54047,0.64304,-0.54258,0.81589,0.24308,-0.52463,-0.20547,-0.72623,-0.65603,-0.028391,0.073904,-0.1925
-0.54047,0.64304,-0.54258,0.81589,0.24308,-0.52463,-0.20547,-0.72623,-0.65603,-0.028393,0.073903,-0.1925
-0.54075,0.64306,-0.54227,0.81569,0.24337,-0.5248,-0.2055,-0.72611,-0.65615,-0.028391,0.073902,-0.1925
-0.54075,0.64306,-0.54227,0.81569,0.24337,-0.5248,-0.2055,-0.72611,-0.65615,-0.028389,0.073903,-0.1925
-0.54047,0.64304,-0.54258,0.81589,0.24308,-0.52463,-0.20547,-0.72623,-0.65603,-0.028392,0.0739,-0.1925
-0.54047,0.64304,-0.54258,0.81589,0.24308,-0.52463,-0.20547,-0.72623,-0.65603,-0.028392,0.073904,-0.1925
-0.54075,0.64306,-0.54227,0.81569,0.24337,-0.5248,-0.2055,-0.72611,-0.65615,-0.028391,0.073904,-0.1925
-0.54047,0.64304,-0.54258,0.81589,0.24308,-0.52463,-0.20547,-0.72623,-0.65603,-0.028392,0.073902,-0.1925
-0.54075,0.64306,-0.54227,0.81569,0.24337,-0.5248,-0.2055,-0.72611,-0.65615,-0.028418,0.073896,-0.19248
-0.54075,0.64306,-0.54227,0.81569,0.24337,-0.5248,-0.2055,-0.72611,-0.65615,-0.028425,0.073896,-0.19245
-0.54047,0.64304,-0.54258,0.81589,0.24308,-0.52463,-0.20547,-0.72623,-0.65603,-0.028431,0.073894,-0.19248
-0.54075,0.64306,-0.54227,0.81569,0.24337,-0.52481,-0.20551,-0.72612,-0.65614,-0.028434,0.073899,-0.19248
-0.54075,0.64308,-0.54226,0.81569,0.24337,-0.5248,-0.20552,-0.7261,-0.65616,-0.02844,0.073904,-0.19249
-0.54075,0.64306,-0.54228,0.81569,0.24337,-0.5248,-0.2055,-0.72612,-0.65614,-0.028458,0.073913,-0.19249
-0.54047,0.64305,-0.54257,0.81589,0.24308,-0.52464,-0.20549,-0.72622,-0.65603,-0.028455,0.073907,-0.19249
-0.54047,0.64305,-0.54257,0.81589,0.24308,-0.52464,-0.20549,-0.72622,-0.65603,-0.028455,0.073911,-0.19249
-0.54047,0.64305,-0.54257,0.81589,0.24308,-0.52463,-0.20548,-0.72622,-0.65603,-0.028454,0.073908,-0.19249
-0.54075,0.64307,-0.54226,0.81569,0.24337,-0.5248,-0.20551,-0.7261,-0.65615,-0.028451,0.07391,-0.19249
-0.54075,0.64307,-0.54227,0.81569,0.24337,-0.5248,-0.20551,-0.72611,-0.65615,-0.028452,0.07391,-0.19249
-0.54047,0.64305,-0.54257,0.81589,0.24308,-0.52463,-0.20548,-0.72622,-0.65604,-0.028453,0.073907,-0.19249
-0.54047,0.64305,-0.54257,0.81589,0.24308,-0.52464,-0.20548,-0.72623,-0.65603,-0.028491,0.073953,-0.19251
-0.54075,0.64308,-0.54225,0.81569,0.24337,-0.52481,-0.20553,-0.7261,-0.65616,-0.028483,0.073936,-0.19249
-0.54075,0.64308,-0.54226,0.81569,0.24337,-0.52481,-0.20552,-0.7261,-0.65615,-0.028482,0.073927,-0.1925
-0.54075,0.64307,-0.54226,0.81569,0.24337,-0.5248,-0.20551,-0.7261,-0.65615,-0.028484,0.073931,-0.1925
-0.54047,0.64305,-0.54257,0.81589,0.24308,-0.52464,-0.20549,-0.72622,-0.65603,-0.028485,0.073945,-0.19251
-0.54047,0.64305,-0.54257,0.81589,0.24308,-0.52463,-0.20548,-0.72622,-0.65603,-0.028488,0.073948,-0.19251
-0.54047,0.64305,-0.54257,0.81589,0.24308,-0.52464,-0.20549,-0.72622,-0.65603,-0.028494,0.073959,-0.19251
-0.54075,0.64307,-0.54226,0.81569,0.24337,-0.5248,-0.20551,-0.7261,-0.65615,-0.028497,0.073969,-0.19251
-0.54075,0.64307,-0.54227,0.81569,0.24337,-0.52481,-0.20552,-0.72611,-0.65615,-0.028496,0.073972,-0.19253
-0.54075,0.64307,-0.54226,0.81569,0.24337,-0.52481,-0.20552,-0.72611,-0.65615,-0.028503,0.073976,-0.19252
-0.54047,0.64305,-0.54257,0.81589,0.24308,-0.52463,-0.20548,-0.72622,-0.65603,-0.028505,0.073995,-0.19254
-0.54047,0.64305,-0.54257,0.81589,0.24308,-0.52464,-0.20548,-0.72623,-0.65603,-0.028522,0.074,-0.19257
-0.54075,0.6431,-0.54223,0.8157,0.24342,-0.52477,-0.20549,-0.72607,-0.6562,-0.028525,0.074008,-0.19258
-0.54077,0.64318,-0.54211,0.8157,0.24355,-0.52471,-0.20546,-0.72595,-0.65635,-0.02854,0.074015,-0.1926
-0.54072,0.6433,-0.54202,0.81566,0.24338,-0.52484,-0.20571,-0.7259,-0.65632,-0.028545,0.074016,-0.19259
-0.54072,0.6433,-0.54203,0.81566,0.24338,-0.52484,-0.20571,-0.7259,-0.65632,-0.028545,0.074016,-0.19259
-0.54072,0.6433,-0.54203,0.81567,0.24339,-0.52484,-0.2057,-0.7259,-0.65632,-0.028543,0.074021,-0.1926
-0.54072,0.64329,-0.54203,0.81567,0.24339,-0.52484,-0.2057,-0.72591,-0.65632,-0.028546,0.07402,-0.1926
-0.54072,0.64329,-0.54203,0.81567,0.24339,-0.52484,-0.2057,-0.72591,-0.65632,-0.028547,0.074021,-0.1926
-0.54044,0.64328,-0.54233,0.81586,0.24309,-0.52467,-0.20567,-0.72602,-0.6562,-0.028548,0.074021,-0.1926
-0.54069,0.64334,-0.54201,0.81565,0.24328,-0.52491,-0.20583,-0.7259,-0.65628,-0.028543,0.074024,-0.1926
-0.54069,0.64333,-0.54201,0.81565,0.24328,-0.52491,-0.20583,-0.72591,-0.65627,-0.028547,0.074022,-0.1926
-0.54069,0.64322,-0.54214,0.81562,0.24307,-0.52505,-0.20594,-0.72607,-0.65605,-0.028592,0.074028,-0.19262
-0.5407,0.6432,-0.54216,0.81563,0.24308,-0.52504,-0.20592,-0.72608,-0.65605,-0.028598,0.074033,-0.19261
-0.5407,0.6432,-0.54216,0.81562,0.24308,-0.52504,-0.20592,-0.72609,-0.65604,-0.028604,0.074037,-0.19263
-0.5407,0.64319,-0.54217,0.81563,0.24308,-0.52504,-0.20591,-0.7261,-0.65604,-0.028603,0.074039,-0.19264
-0.54065,0.64318,-0.54223,0.8156,0.24279,-0.52522,-0.20616,-0.7262,-0.65584,-0.028587,0.074041,-0.19266
-0.54065,0.64318,-0.54223,0.8156,0.24279,-0.52522,-0.20616,-0.7262,-0.65584,-0.028591,0.074045,-0.19265
-0.54037,0.64314,-0.54256,0.81579,0.2425,-0.52505,-0.20611,-0.72634,-0.65571,-0.028588,0.074053,-0.19267
-0.54069,0.64311,-0.54228,0.81559,0.24284,-0.5252,-0.20608,-0.72625,-0.65582,-0.028644,0.074093,-0.19274
-0.54061,0.64324,-0.54221,0.81555,0.24253,-0.52541,-0.20646,-0.72624,-0.65571,-0.028657,0.074104,-0.19276
-0.5406,0.64324,-0.54221,0.81555,0.24254,-0.5254,-0.20645,-0.72624,-0.65571,-0.028647,0.074101,-0.19277
-0.54064,0.64311,-0.54232,0.81556,0.24256,-0.52539,-0.20634,-0.72634,-0.65563,-0.028693,0.074133,-0.19284
-0.54061,0.6432,-0.54226,0.81553,0.24244,-0.52548,-0.20652,-0.72631,-0.65561,-0.028719,0.074146,-0.19283
-0.54061,0.64317,-0.54228,0.81553,0.24244,-0.52548,-0.2065,-0.72633,-0.65559,-0.028727,0.074148,-0.19284
-0.54061,0.64316,-0.54229,0.81554,0.24246,-0.52546,-0.20648,-0.72633,-0.6556,-0.028736,0.07416,-0.19286
-0.54062,0.64315,-0.5423,0.81554,0.24246,-0.52546,-0.20647,-0.72634,-0.65559,-0.02874,0.074161,-0.19286
-0.54065,0.64315,-0.54228,0.81555,0.2426,-0.52538,-0.20634,-0.7263,-0.65568,-0.028742,0.074164,-0.19287
-0.54059,0.64319,-0.54228,0.81552,0.24235,-0.52554,-0.2066,-0.72635,-0.65554,-0.028737,0.074166,-0.19289
-0.54059,0.64319,-0.54228,0.81552,0.24235,-0.52554,-0.2066,-0.72635,-0.65554,-0.028725,0.074172,-0.1929
-0.54059,0.64333,-0.54212,0.81552,0.24247,-0.52548,-0.20661,-0.72618,-0.65573,-0.028731,0.074171,-0.19289
-0.54063,0.64319,-0.54225,0.81553,0.2425,-0.52545,-0.20647,-0.72629,-0.65565,-0.028776,0.07422,-0.19297
-0.54061,0.64313,-0.54233,0.81552,0.24237,-0.52553,-0.20654,-0.72639,-0.65552,-0.028784,0.074238,-0.19299
-0.54061,0.64312,-0.54234,0.81553,0.24239,-0.5255,-0.20651,-0.72639,-0.65553,-0.028783,0.074244,-0.19302
-0.5406,0.64307,-0.54242,0.81553,0.24226,-0.52557,-0.20657,-0.72648,-0.65541,-0.028804,0.074288,-0.19311
-0.54058,0.64303,-0.54248,0.81553,0.2422,-0.52559,-0.20658,-0.72653,-0.65534,-0.028836,0.074326,-0.19316
-0.54058,0.64292,-0.54261,0.81554,0.24209,-0.52563,-0.20658,-0.72666,-0.6552,-0.028879,0.074389,-0.19327
-0.54058,0.6429,-0.54264,0.81554,0.2421,-0.52562,-0.20655,-0.72668,-0.65519,-0.028888,0.074394,-0.19327
-0.54083,0.64293,-0.54235,0.81535,0.24228,-0.52585,-0.20668,-0.7266,-0.65524,-0.028882,0.07443,-0.19333
-0.54083,0.64293,-0.54235,0.81535,0.24228,-0.52584,-0.20668,-0.7266,-0.65524,-0.028893,0.074433,-0.19334
-0.54083,0.64292,-0.54236,0.81535,0.24228,-0.52585,-0.20667,-0.72661,-0.65523,-0.028896,0.074432,-0.19334
-0.54083,0.64292,-0.54236,0.81535,0.24228,-0.52584,-0.20667,-0.72661,-0.65524,-0.028896,0.074434,-0.19334
-0.54081,0.64295,-0.54235,0.81536,0.24228,-0.52582,-0.20667,-0.72658,-0.65526,-0.028926,0.074488,-0.19341
-0.54075,0.64294,-0.54241,0.81534,0.242,-0.52599,-0.20692,-0.72668,-0.65507,-0.028928,0.074492,-0.19341
-0.54075,0.64294,-0.54241,0.81534,0.24201,-0.52598,-0.20691,-0.72668,-0.65508,-0.028922,0.074492,-0.19342
-0.54075,0.64293,-0.54243,0.81534,0.24201,-0.52597,-0.20689,-0.72668,-0.65508,-0.02893,0.074497,-0.19341
-0.54074,0.64296,-0.54241,0.81536,0.24204,-0.52594,-0.20687,-0.72665,-0.65512,-0.028934,0.074535,-0.19349
-0.54074,0.64295,-0.54241,0.81536,0.24205,-0.52593,-0.20686,-0.72666,-0.65512,-0.028935,0.074538,-0.19349
-0.54074,0.64294,-0.54243,0.81536,0.24205,-0.52593,-0.20685,-0.72666,-0.65511,-0.028937,0.074541,-0.19349
-0.54074,0.64294,-0.54243,0.81536,0.24205,-0.52593,-0.20685,-0.72666,-0.65511,-0.028928,0.07454,-0.19349
-0.54074,0.64294,-0.54243,0.81536,0.24206,-0.52592,-0.20683,-0.72666,-0.65512,-0.028922,0.074542,-0.1935
-0.54077,0.64291,-0.54243,0.81539,0.24222,-0.52581,-0.20666,-0.72663,-0.65521,-0.028944,0.074561,-0.19352
-0.54072,0.64301,-0.54236,0.81537,0.24209,-0.52589,-0.20685,-0.72659,-0.65519,-0.028961,0.074589,-0.19356
-0.54073,0.64299,-0.54239,0.81538,0.2421,-0.52588,-0.20682,-0.72661,-0.65518,-0.028956,0.074588,-0.19357
-0.54073,0.64299,-0.54239,0.81538,0.2421,-0.52588,-0.20682,-0.72661,-0.65519,-0.028964,0.074592,-0.19356
-0.54073,0.64299,-0.54239,0.81538,0.24211,-0.52587,-0.20681,-0.7266,-0.65519,-0.028964,0.074593,-0.19356
-0.54073,0.64298,-0.54239,0.81538,0.24211,-0.52587,-0.20681,-0.72661,-0.65519,-0.028964,0.074593,-0.19357
-0.54073,0.64298,-0.5424,0.81538,0.24211,-0.52587,-0.2068,-0.72661,-0.65518,-0.028966,0.074594,-0.19357
-0.54067,0.64302,-0.5424,0.81535,0.24186,-0.52603,-0.20706,-0.72666,-0.65505,-0.028962,0.074597,-0.19356
-0.54067,0.64302,-0.5424,0.81535,0.24186,-0.52603,-0.20706,-0.72666,-0.65505,-0.028966,0.074597,-0.19356
-0.54067,0.64303,-0.5424,0.81536,0.24188,-0.52601,-0.20704,-0.72665,-0.65507,-0.028973,0.074622,-0.19364
-0.54067,0.64303,-0.5424,0.81536,0.24188,-0.526,-0.20704,-0.72664,-0.65508,-0.02897,0.074634,-0.19363
-0.54067,0.64302,-0.54241,0.81536,0.24189,-0.526,-0.20703,-0.72665,-0.65508,-0.028973,0.074635,-0.19363
-0.54067,0.64303,-0.5424,0.81536,0.24189,-0.526,-0.20703,-0.72664,-0.65508,-0.028973,0.074636,-0.19364
-0.54067,0.64301,-0.54241,0.81537,0.24189,-0.52599,-0.20702,-0.72665,-0.65508,-0.028968,0.074636,-0.19364
-0.54067,0.64302,-0.54241,0.81537,0.24189,-0.52599,-0.20702,-0.72665,-0.65508,-0.028972,0.074634,-0.19364
-0.54066,0.64303,-0.5424,0.81537,0.2419,-0.52598,-0.20701,-0.72664,-0.65509,-0.028963,0.074635,-0.19364
-0.54066,0.64303,-0.5424,0.81537,0.2419,-0.52599,-0.20702,-0.72663,-0.65509,-0.028965,0.074639,-0.19364
-0.54064,0.64299,-0.54246,0.81537,0.24178,-0.52604,-0.20708,-0.72671,-0.65499,-0.028988,0.074673,-0.19369
-0.54064,0.64297,-0.54249,0.81538,0.24181,-0.526,-0.20702,-0.72672,-0.655,-0.028996,0.074691,-0.19371
-0.54064,0.64296,-0.5425,0.81538,0.24181,-0.526,-0.20701,-0.72673,-0.65499,-0.028991,0.074688,-0.19371
-0.54064,0.64296,-0.5425,0.81539,0.24182,-0.52599,-0.20701,-0.72672,-0.655,-0.02899,0.07469,-0.19371
-0.54064,0.64296,-0.54251,0.81539,0.24183,-0.52598,-0.20699,-0.72672,-0.655,-0.029003,0.074695,-0.19371
-0.54064,0.64295,-0.54251,0.8154,0.24184,-0.52597,-0.20697,-0.72672,-0.65501,-0.028994,0.074699,-0.19371
-0.54065,0.64293,-0.54253,0.8154,0.24184,-0.52597,-0.20696,-0.72674,-0.65499,-0.029004,0.074697,-0.19371
-0.54064,0.64293,-0.54254,0.8154,0.24185,-0.52595,-0.20694,-0.72674,-0.655,-0.029006,0.074724,-0.19377
-0.54092,0.64296,-0.54223,0.81521,0.24216,-0.5261,-0.20696,-0.72661,-0.65514,-0.029,0.074728,-0.19378
-0.54093,0.64293,-0.54225,0.81522,0.24216,-0.5261,-0.20693,-0.72663,-0.65512,-0.028997,0.074732,-0.19378
-0.54064,0.64292,-0.54255,0.81541,0.24187,-0.52593,-0.2069,-0.72674,-0.65501,-0.028997,0.074735,-0.19378
-0.54058,0.64293,-0.54259,0.81538,0.24158,-0.52611,-0.20717,-0.72683,-0.65483,-0.028994,0.074735,-0.19378
-0.54086,0.64296,-0.54229,0.81519,0.24188,-0.52627,-0.20721,-0.72671,-0.65495,-0.028996,0.074735,-0.19378
-0.54086,0.64293,-0.54232,0.81521,0.24192,-0.52622,-0.20712,-0.72672,-0.65497,-0.029018,0.074782,-0.19385
-0.54086,0.64292,-0.54233,0.81522,0.24195,-0.52619,-0.20708,-0.72671,-0.65498,-0.029013,0.074791,-0.19386
-0.54087,0.64289,-0.54236,0.81523,0.24196,-0.52618,-0.20705,-0.72674,-0.65497,-0.029017,0.074792,-0.19386
-0.54058,0.64287,-0.54267,0.81542,0.24167,-0.526,-0.20701,-0.72685,-0.65485,-0.02902,0.074793,-0.19386
-0.54058,0.64288,-0.54266,0.81543,0.24167,-0.526,-0.207,-0.72685,-0.65486,-0.029014,0.0748,-0.19385
-0.54086,0.6429,-0.54236,0.81523,0.24197,-0.52616,-0.20704,-0.72673,-0.65498,-0.029017,0.074795,-0.19386
-0.54086,0.64288,-0.54237,0.81524,0.24197,-0.52615,-0.20701,-0.72674,-0.65498,-0.029015,0.074794,-0.19386
-0.54087,0.64286,-0.54239,0.81523,0.24197,-0.52616,-0.207,-0.72676,-0.65495,-0.029011,0.07479,-0.19386
-0.54083,0.64289,-0.54239,0.81523,0.24184,-0.52623,-0.20714,-0.72678,-0.65489,-0.029009,0.074818,-0.19393
-0.54055,0.64289,-0.54268,0.81542,0.24154,-0.52607,-0.20712,-0.72687,-0.65479,-0.029004,0.074816,-0.19393
-0.54083,0.64286,-0.54244,0.81525,0.24189,-0.52617,-0.20704,-0.72679,-0.65491,-0.029026,0.074871,-0.19401
-0.54078,0.64284,-0.5425,0.81523,0.24161,-0.52634,-0.20728,-0.7269,-0.65472,-0.029021,0.07487,-0.19401
-0.54078,0.64285,-0.5425,0.81523,0.24161,-0.52634,-0.20728,-0.72689,-0.65473,-0.02902,0.074873,-0.19401
-0.5405,0.64283,-0.54281,0.81542,0.24132,-0.52616,-0.20724,-0.72701,-0.65461,-0.029019,0.07487,-0.19401
-0.54078,0.64284,-0.54251,0.81523,0.24162,-0.52632,-0.20726,-0.72689,-0.65473,-0.029019,0.074871,-0.19401
-0.54077,0.64284,-0.54251,0.81523,0.24162,-0.52632,-0.20726,-0.72689,-0.65473,-0.029015,0.074871,-0.19402
-0.54077,0.64286,-0.5425,0.81523,0.24162,-0.52632,-0.20727,-0.72688,-0.65474,-0.029013,0.074874,-0.19401
-0.5405,0.64282,-0.54281,0.81543,0.24133,-0.52616,-0.20723,-0.72701,-0.65461,-0.029015,0.07487,-0.19401
-0.54077,0.64285,-0.5425,0.81523,0.24162,-0.52632,-0.20727,-0.72689,-0.65473,-0.029013,0.074872,-0.19401
-0.54076,0.6429,-0.54246,0.81523,0.24162,-0.52632,-0.20731,-0.72684,-0.65477,-0.02901,0.074899,-0.19408
-0.54076,0.64289,-0.54246,0.81523,0.24162,-0.52632,-0.2073,-0.72685,-0.65477,-0.029009,0.0749,-0.19408
-0.54076,0.64288,-0.54249,0.81525,0.24167,-0.52627,-0.20722,-0.72685,-0.65479,-0.029022,0.074945,-0.19417
-0.54076,0.64288,-0.54248,0.81525,0.24166,-0.52627,-0.20723,-0.72685,-0.65479,-0.029019,0.074944,-0.19417
-0.54076,0.64286,-0.5425,0.81525,0.24167,-0.52627,-0.20721,-0.72686,-0.65478,-0.02902,0.074947,-0.19417
-0.54075,0.64289,-0.54247,0.81525,0.24167,-0.52627,-0.20724,-0.72683,-0.6548,-0.029009,0.074946,-0.19417
-0.54072,0.64286,-0.54254,0.81524,0.24148,-0.52638,-0.20738,-0.72692,-0.65466,-0.02901,0.074968,-0.19423
-0.54068,0.64285,-0.54259,0.81522,0.24129,-0.52649,-0.20753,-0.72699,-0.65453,-0.029003,0.074977,-0.19425
-0.54068,0.64293,-0.5425,0.81524,0.2414,-0.52641,-0.20749,-0.72689,-0.65466,-0.029014,0.075014,-0.19432
-0.54068,0.64294,-0.54249,0.81524,0.2414,-0.52641,-0.20749,-0.72688,-0.65467,-0.029012,0.075016,-0.19432
-0.54068,0.64293,-0.5425,0.81524,0.2414,-0.52641,-0.20749,-0.72689,-0.65466,-0.029013,0.075016,-0.19432
-0.54068,0.64294,-0.54249,0.81524,0.2414,-0.52641,-0.20749,-0.72688,-0.65467,-0.02901,0.075015,-0.19432
-0.54068,0.64295,-0.54248,0.81524,0.2414,-0.52641,-0.2075,-0.72687,-0.65468,-0.029006,0.075014,-0.19432
-0.54066,0.64295,-0.5425,0.81525,0.24139,-0.5264,-0.2075,-0.72687,-0.65468,-0.029017,0.075086,-0.19448
-0.54065,0.64298,-0.54247,0.81525,0.24139,-0.5264,-0.20752,-0.72685,-0.6547,-0.029009,0.075087,-0.19448
-0.54063,0.64304,-0.54242,0.81526,0.24141,-0.52637,-0.20753,-0.72679,-0.65476,-0.029011,0.075149,-0.19461
-0.54112,0.64328,-0.54165,0.81488,0.24196,-0.52671,-0.20776,-0.72639,-0.65512,-0.028978,0.075228,-0.19478
-0.54103,0.64327,-0.54174,0.81488,0.24168,-0.52684,-0.20797,-0.72649,-0.65495,-0.028957,0.075306,-0.19494
-0.54097,0.64329,-0.54179,0.8149,0.24155,-0.52687,-0.20806,-0.72652,-0.65488,-0.028929,0.075377,-0.1951
-0.54096,0.64318,-0.54192,0.81491,0.24144,-0.52691,-0.20806,-0.72665,-0.65474,-0.028921,0.075386,-0.19509
-0.5409,0.64329,-0.54185,0.81492,0.24138,-0.52691,-0.20817,-0.72657,-0.65479,-0.028891,0.075455,-0.19524
